timestamp,SY,AY,SO,AO,RA,RS,ARe,SRe,sum
1.0,0.979245963014534,0.019300813240284008,1.6655762744805658E-4,3.2818209056900002E-6,1.1952256441666662E-5,0.001271421209067479,1.8236863333333333E-10,1.0648950468154584E-8,1.0
2.0,0.960631477004958,0.037289499006536816,3.2681002098026095E-4,1.2677460576386846E-5,2.403340388319832E-5,0.0017154701789607793,1.2104256966489908E-9,3.1713678911698736E-8,1.0
3.0,0.9435430418427386,0.054060251603435236,4.8146897570840814E-4,2.7562809461735228E-5,3.095894011054119E-5,0.0018566566019753892,3.196561370866777E-9,5.603000877488187E-8,1.0
4.0,0.9277049108084293,0.06969454664573944,6.311337167712733E-4,4.73712079496009E-5,3.413711570674297E-5,0.0018878134061676587,6.0755163375498744E-9,8.102371973796631E-8,1.0000000000000002
5.0,0.9129689209736721,0.08426793040891864,7.763312590526204E-4,7.158759254145283E-5,3.528880752023901E-5,0.0018798254041744135,9.752659314712435E-9,1.0580146136257212E-7,1.0000000000000002
6.0,0.8992370189776092,0.0978513698421022,9.17533868598032E-4,9.974394913466465E-5,3.547825621038783E-5,0.0018587108849566353,1.4138412933294503E-8,1.3008297605740798E-7,1.0
7.0,0.8864325505745158,0.11051146946507788,0.00105516789725857,1.314153114873502E-4,3.5250967759211746E-5,0.0018339728213246215,1.915346121029801E-8,1.538091155258418E-7,1.0
8.0,0.8744894929029962,0.1223105737993744,0.001189619248134698,1.662161038921719E-4,3.486202649537469E-5,0.0018090341932846476,2.4727760757130962E-8,1.769980618991472E-7,1.0
9.0,0.8633483020052917,0.13330692789785994,0.0013212374196298583,2.0379677297706396E-4,3.442390808922144E-5,0.0017850815044694584,3.0798921764773384E-8,1.9969276110431885E-7,1.0
10.0,0.852954208727707,0.14355488747291886,0.0014503388589361488,2.438406862928929E-4,3.398380876565508E-5,0.001762481192530094,3.7310965716722256E-8,2.2194188369943017E-7,1.0000000000000002
11.0,0.8432564285308559,0.15310515017386148,0.0015772099072677394,2.8606128057531607E-4,3.356035110341566E-5,0.0017413017497772338,4.4213456116397514E-8,2.437931027944494E-7,1.0
12.0,0.8342077192376677,0.16200498893838974,0.0017021094531155475,3.3019944267962905E-4,3.316005840556123E-5,0.0017215061179907893,5.146086545987179E-8,2.6529088554609754E-7,1.0
13.0,0.8257640773698436,0.17029847776195675,0.0018252713477060131,3.760211061645163E-4,3.278448273185265E-5,0.0017030224435925344,5.901207837728754E-8,2.864759263149529E-7,0.9999999999999999
14.0,0.8178844951652018,0.1780267058092755,0.0019469066130849944,4.233150470107387E-4,3.243320878608949E-5,0.001685769941500823,6.682997516481867E-8,3.073851648695736E-7,0.9999999999999999
15.0,0.8105307488767421,0.1852279785773196,0.0020672054636697744,4.7189086283466633E-4,3.210509347617475E-5,0.0016696681928886304,7.488106736339812E-8,3.280520016205512E-7,1.0
16.0,0.8036672068948412,0.19193800608043712,0.0021863391578243307,5.21577120986108E-4,3.17987674200905E-5,0.0016546403367517397,8.313517121195973E-8,3.48506568215573E-7,1.0
17.0,0.7972606528981683,0.1981900785524034,0.002304461693734265,5.722196619790531E-4,3.1512832992464135E-5,0.0016406140196084423,9.156511155548084E-8,3.6877600258455994E-7,1.0
18.0,0.791280121738782,0.2040152303514179,0.0024217113623741003,6.236800457312383E-4,3.1245939379389206E-5,0.001627521531152567,1.0014645189332312E-7,3.888847109161892E-7,1.0
19.0,0.785696746726316,0.2094423928019952,0.0025382121692191007,6.758341290583243E-4,3.099680846069856E-5,0.0016152996530917564,1.0885724768154828E-7,4.08854611279665E-7,1.0
20.0,0.7804836173639914,0.21449853669695385,0.002654075135385788,7.285707637727392E-4,3.0764241351396156E-5,0.0016038894153660797,1.1767782068867937E-7,4.2870535803293743E-7,0.9999999999999999
21.0,0.7756156467634339,0.21920880514957866,0.002769399488023358,7.817906055755089E-4,3.054711753377495E-5,0.0015932358307545547,1.2659055256745439E-7,4.4845454770932704E-7,1.0
22.0,0.7710694480584019,0.2235966374456666,0.0028842737489945106,8.354050247043778E-4,3.0344391305627413E-5,0.0015832876333233999,1.3557969602749073E-7,4.6811790756849703E-7,1.0
23.0,0.766823219198709,0.2276838845036928,0.0029987767301655048,8.893351100171098E-4,3.01550873947518E-5,0.0015739970293505991,1.446312021526769E-7,4.877094681069731E-7,1.0
24.0,0.7628566355531425,0.23149091651112846,0.003112978442963866,9.435107588491949E-4,2.9978296451619725E-5,0.0015653194631810336,1.5373256253492925E-7,5.07241720795979E-7,1.0000000000000002
25.0,0.7591507497909687,0.23503672326684716,0.003226940929252789,9.978698455943276E-4,2.9813170684683744E-5,0.0015572133982250744,1.6287266500632618E-7,5.267257622415799E-7,1.0000000000000002
26.0,0.7556878985483254,0.23833900772380204,0.003340719020009485,0.0010523574625178264,2.965891972841899E-5,0.0015496401125291472,1.720416618504331E-7,5.461714258774215E-7,0.9999999999999999
27.0,0.7524516154195472,0.24141427319272646,0.0034543610277767804,0.0011069252268312178,2.951480676702952E-5,0.0015425635080997045,1.8123084946356247E-7,5.655874022157136E-7,1.0
28.0,0.7494265498447441,0.2442779046364124,0.003567909378379777,0.0011615306485338616,2.938014491146143E-5,0.001535949933111363,1.9043255851917257E-7,5.849813486016509E-7,1.0000000000000002
29.0,0.7465983914940426,0.24694424445501958,0.0036814011869591846,0.001216136553967834,2.925429381832931E-5,0.0015297680161494313,1.996400537644543E-7,6.043599893413808E-7,1.0
30.0,0.7439537997759934,0.24942666313573508,0.0037948687829671927,0.0012707105604381763,2.9136656536583122E-5,0.0015239885116799844,2.088474426480046E-7,6.237292070040867E-7,1.0
31.0,0.7414803381228969,0.25173762511480585,0.00390834018839779,0.0013252245976247054,2.9026676567334827E-5,0.0015185841559898635,2.1804959204184213E-7,6.43094125634522E-7,1.0000000000000002
32.0,0.7391664127293325,0.2538887501763825,0.004021839553178848,0.0013796544718563176,2.8923835122726263E-5,0.0015135295328883008,2.2724205238032467E-7,6.624591865530886E-7,1.0
33.0,0.7370012154421149,0.25589087069062755,0.004135387551335752,0.0014339794696363471,2.8827648570474897E-5,0.001508800948509103,2.36420988593174E-7,6.818282173659477E-7,1.0000000000000002
34.0,0.7349746705203514,0.2577540849730443,0.004249001741243856,0.0014881819971001777,2.873766605156248E-5,0.0015043763145968577,2.4558311726016324E-7,7.012044947573241E-7,1.0000000000000002
35.0,0.7330773850033376,0.2594878070278764,0.00436269689301759,0.0015422472523558522,2.8653467259351537E-5,0.0015002350397022883,2.5472564946140547E-7,7.205908015897993E-7,1.0000000000000002
36.0,0.7313006024418053,0.26110081292061466,0.004476485285835868,0.001596162927906693,2.8574660369197267E-5,0.001496357927750818,2.638462388399104E-7,7.399894787956887E-7,1.0
37.0,0.7296361597645982,0.2626012840080435,0.004590376977774941,0.0016499189405835572,2.8500880108359108E-5,0.0014927270834846876,2.7294293443242716E-7,7.59402472503253E-7,1.0000000000000002
38.0,0.7280764470683029,0.2639968472387788,0.0047043800505094085,0.001703507186624849,2.8431785956705245E-5,0.0014893258243128466,2.820141378608279E-7,7.788313768052786E-7,1.0
39.0,0.7266143701317572,0.26529461272281757,0.00481850083104841,0.0017569213197361872,2.83670604693473E-5,0.001486138598134385,2.9105856450965347E-7,7.982774725442104E-7,1.0000000000000002
40.0,0.7252433154707819,0.2665012087551681,0.004932744092495736,0.0018101565501399929,2.830640771294249E-5,0.0014831509067307043,3.000752083461583E-7,8.177417624573129E-7,1.0
41.0,0.7239571177609956,0.2676228144660866,0.0050471132356585124,0.0018632094627894003,2.824955180796064E-5,0.0014803492343490575,3.0906331006746155E-7,8.372250029970847E-7,1.0000000000000002
42.0,0.7227500294682379,0.26866519025875546,0.00516161045317813,0.0019160778530719355,2.819623556973518E-5,0.0014777209811256608,3.180223282854324E-7,8.567277331161355E-7,1.0
43.0,0.7216166925369998,0.269633706184339,0.005276236877718238,0.0019687605784673512,2.814621924160399E-5,0.0014752544010204192,3.2695191348387594E-7,8.762503002818117E-7,1.0000000000000002
44.0,0.7205521119973995,0.27053336839419206,0.005390992715616818,0.0020212574247518156,2.809927931389954E-5,0.0014729385439575314,3.358518845046118E-7,8.957928839638398E-7,1.0000000000000002
45.0,0.7195516313606913,0.2713688437995246,0.005505877367291926,0.0020735689854581908,2.8055207422970698E-5,0.0014707632018869613,3.447222073392955E-7,9.153555168180079E-7,1.0
46.0,0.7186109096821064,0.2721444830599953,0.005620889535582604,0.002125696553410202,2.801380932481274E-5,0.001468718858501074,3.535629760224634E-7,9.349381037702837E-7,1.0000000000000002
47.0,0.7177259001780378,0.2728643420144759,0.005736027323107219,0.0021776420232476564,2.7974903938249746E-5,0.0014667966423587424,3.6237439543841254E-7,9.545404391886448E-7,1.0000000000000002
48.0,0.7168928302922387,0.27353220165955294,0.005851288319630176,0.0022294078039511787,2.7938322452956052E-5,0.0014649882831860126,3.711567658702737E-7,9.741622223141587E-7,1.0000000000000002
49.0,0.7161081831128397,0.2741515867741813,0.005966669680344082,0.0022809967404588435,2.7903907497922963E-5,0.0014632860711380695,3.799104691341116E-7,9.938030711083808E-7,1.0000000000000002
50.0,0.7153686800486465,0.2747257832822331,0.0060821681958974135,0.0023324120435441738,2.7871512366274514E-5,0.0014616828188218258,3.886359561541849E-7,1.0134625346608464E-6,1.0000000000000002
51.0,0.7146712646793824,0.2752578544384703,0.006197780354926919,0.0023836572271957873,2.7841000292613867E-5,0.0014601718258920606,3.973337358477194E-7,1.0331401042882173E-6,1.0000000000000002
52.0,0.7140130877003217,0.27575065591767073,0.006313502399789032,0.002434736052803999,2.7812243779340455E-5,0.001458746846046706,4.060043651987723E-7,1.0528352234454293E-6,1.0000000000000002
53.0,0.7133914928871534,0.27620684988123817,0.006429330376124865,0.002485652479519392,2.778512396861942E-5,0.0014574020562587065,4.1464844041107105E-7,1.0725472965588784E-6,1.0000000000000002
54.0,0.7128040040119368,0.2766289180905859,0.006545260176838606,0.0025364106202031755,2.775953005690967E-5,0.0014561320280928873,4.232665890391766E-7,1.092275696882231E-6,1.0000000000000002
55.0,0.7122483126456992,0.2770191741318905,0.006661287581018853,0.002587014702439423,2.773535874916651E-5,0.0014549317009665366,4.318594630060047E-7,1.112019773466759E-6,1.0
56.0,0.7117222667875923,0.2773797748124343,0.006777408288286318,0.002637469034125446,2.771251375003035E-5,0.0014537963572219894,4.404277324227121E-7,1.1317788573301308E-6,1.0000000000000002
57.0,0.7112238602645932,0.2777127307846741,0.006893617949009039,0.0026877779731988584,2.7690905289495017E-5,0.0014527215988884188,4.4897208013426796E-7,1.1515522669002884E-6,1.0000000000000002
58.0,0.710751222849536,0.2780199164503692,0.007009912190787444,0.0027379459010987,2.767044968071925E-5,0.0014517033260183668,4.574931969207366E-7,1.1713393128043234E-6,1.0000000000000002
59.0,0.7103026110487946,0.2783030791935565,0.007126286641576057,0.002787977199593558,2.7651068907803088E-5,0.0014507377164923,4.6599177729045246E-7,1.1911393020661325E-6,1.0
60.0,0.709876399514238,0.27856384798785305,0.007242736949776074,0.0028378762306422306,2.7632690241498607E-5,0.0014498212071917104,4.744685158069023E-7,1.2109515417709825E-6,1.0000000000000002
61.0,0.7094710730371541,0.2788037414204854,0.007359258801603155,0.002887647318982335,2.7615245880962034E-5,0.001448950476448019,4.829241038963014E-7,1.2307753422499648E-6,1.0
62.0,0.7090852190847046,0.27902417517257094,0.007475847936007458,0.0029372947371696257,2.759867261978253E-5,0.001448122427680831,4.913592270875806E-7,1.250610019832577E-6,1.0
63.0,0.7087175208421459,0.27922646899249903,0.007592500157397914,0.002986822692815837,2.7582911534642477E-5,0.0014473341741449417,4.997745626408421E-7,1.27045489921134E-6,0.9999999999999999
64.0,0.7083667507265439,0.2794118531967616,0.0077092113463998035,0.00303623531779578,2.7567907695075724E-5,0.001446583024710961,5.081707775243064E-7,1.290309315458392E-6,1.0
65.0,0.7080317643400298,0.27958147473025624,0.007825977468853766,0.0030855366592154113,2.7553609892894002E-5,0.0014458664706095096,5.16548526703413E-7,1.3101726157303703E-6,1.0
66.0,0.7077114948328133,0.2797364028159138,0.007942794583245165,0.0031347306719517656,2.7539970389948733E-5,0.0014451821730736968,5.249084517090543E-7,1.3300441606945626E-6,1.0
67.0,0.7074049476481842,0.2798776342214802,0.00805965884673523,0.0031838212125932003,2.7526944682985745E-5,0.0014445279518190005,5.332511794549746E-7,1.349923325706278E-6,1.0
68.0,0.7071111956236186,0.2800060981693963,0.008176566519949354,0.0032328120346244217,2.7514491284434515E-5,0.0014439017743038056,5.415773212771334E-7,1.3698095017646053E-6,0.9999999999999999
69.0,0.7068293744238565,0.2801226609139605,0.008293513970663297,0.0032817067847154147,2.7502571518052226E-5,0.0014433017457177017,5.498874721703854E-7,1.389702096271186E-6,0.9999999999999999
70.0,0.7065586782834563,0.2802281300083217,0.008410497676514663,0.0033305089999867772,2.7491149328415937E-5,0.0014427260996482186,5.581822102001442E-7,1.4096005336143136E-6,1.0
71.0,0.706298356037853,0.2803232582823209,0.008527514226854846,0.003379222106136168,2.7480191103324464E-5,0.0014421731893800296,5.664620960688201E-7,1.4295042555985426E-6,0.9999999999999999
72.0,0.7060477074233709,0.28040874755077533,0.008644560323845462,0.00342784941632172,2.7469665508235157E-5,0.001441641479783761,5.74727672818757E-7,1.4494127217380695E-6,0.9999999999999998
73.0,0.7058060796279644,0.2804852520704725,0.008761632782893184,0.0034763941307084318,2.7459543331920016E-5,0.0014411295397544527,5.829794656551597E-7,1.4693254094303698E-6,1.0
74.0,0.7055728640756964,0.2805533817629022,0.008878728532507586,0.0035248593365928096,2.7449797342580844E-5,0.0014406360351624258,5.912179818741141E-7,1.4892418140249787E-6,1.0
75.0,0.7053474934291155,0.28061370521860146,0.008995844613658207,0.0035732480090294775,2.7440402153714736E-5,0.0014401597222818288,5.994437108822693E-7,1.5091614488008233E-6,1.0
76.0,0.705129438794765,0.2806667524979117,0.009112978178699374,0.003621563011891146,2.7431334099069118E-5,0.0014396994416644993,6.076571242960899E-7,1.5290838448641883E-6,0.9999999999999999
77.0,0.7049182071180599,0.28071301774194335,0.009230126489924285,0.003669807099300336,2.742257111607041E-5,0.0014392541124289568,6.158586761098039E-7,1.5490085509781759E-6,0.9999999999999999
78.0,0.7047133387546984,0.2807529616066105,0.009347286917803573,0.003717982917377599,2.7414092637152102E-5,0.001438822726936402,6.240488029222802E-7,1.5689351333334089E-6,1.0
79.0,0.7045144052066461,0.2807870135317239,0.009464456938957713,0.0037660930062567727,2.7405879488446903E-5,0.001438404345827494,6.322279242140777E-7,1.5888631752687285E-6,0.9999999999999999
80.0,0.7043210070115384,0.28081557385632056,0.009581634133907477,0.003814139802323046,2.7397913795344008E-5,0.0014379980933954557,6.403964426668245E-7,1.6087922769497144E-6,0.9999999999999999
81.0,0.7041327717751082,0.2808390157906488,0.009698816184641785,0.0038621256406343864,2.7390178894446196E-5,0.0014376031532727196,6.485547445179184E-7,1.6287220550120258E-6,0.9999999999999998
82.0,0.7039493523369436,0.2808576872545236,0.009816000872038058,0.0039100527574912015,2.7382659251493104E-5,0.0014372187644098667,6.567031999442938E-7,1.648652142175807E-6,0.9999999999999999
83.0,0.703770425060542,0.2808719125911064,0.009933186073166228,0.003957923293123022,2.7375340384846395E-5,0.0014368442173270473,6.648421634696886E-7,1.6685821868367203E-6,0.9999999999999999
84.0,0.7035956882392385,0.2808819941645522,0.010050369758504006,0.00400573929446455,2.7368208794159916E-5,0.001436478850619424,6.729719743904625E-7,1.6885118526385396E-6,0.9999999999999998
85.0,0.7034248606101541,0.28088821384939267,0.010167549989087832,0.0040535027179966245,2.7361251893883445E-5,0.0014361220476994201,6.810929572155834E-7,1.708440818031685E-6,0.9999999999999998
86.0,0.7032576799688461,0.2808908344189931,0.010284724913620997,0.0041012154326305495,2.7354457951272548E-5,0.0014357732337597277,6.892054221169048E-7,1.7283687758215669E-6,0.9999999999999997
87.0,0.7030939018778355,0.2808901008399207,0.010401892765557835,0.004148879222616878,2.734781602859912E-5,0.0014354318729421155,6.97309665386321E-7,1.7482954327101446E-6,0.9999999999999998
88.0,0.7029332984626493,0.2808862414786018,0.010519051860180505,0.004196495790462075,2.7341315929278027E-5,0.0014350974656980892,7.054059698967984E-7,1.7682205088336972E-6,0.9999999999999998
89.0,0.7027756572894491,0.2808794692262103,0.010636200591682743,0.0042440667598386455,2.7334948147644395E-5,0.001434769546328406,7.1349460556466E-7,1.788143737299422E-6,0.9999999999999998
90.0,0.702620780318716,0.2808699825473295,0.010753337430273093,0.0042915936784762194,2.732870382213423E-5,0.0014344476806893208,7.215758298108343E-7,1.8080648637231434E-6,0.9999999999999998
91.0,0.7024684829298371,0.2808579664575518,0.01087046091930834,0.004339078021022807,2.732257469163771E-5,0.0014341314640542678,7.296498880190887E-7,1.8279836457701094E-6,0.9999999999999998
92.0,0.7023185930117918,0.2808435934348327,0.010987569672466361,0.00438652119186699,2.7316553054810143E-5,0.0014338205191204425,7.377170139895349E-7,1.8478998527005816E-6,0.9999999999999998
93.0,0.7021709501154552,0.28082702426908723,0.011104662370966228,0.004433924527913212,2.731063173214021E-5,0.0014335144941504672,7.457774303859455E-7,1.8678132649216735E-6,0.9999999999999997
94.0,0.7020254046633461,0.28080840885421465,0.011221737760842126,0.004481289301303556,2.730480403058861E-5,0.0014332130612399819,7.538313491756367E-7,1.887723673546682E-6,0.9999999999999997
95.0,0.7018818172129251,0.28078788692645223,0.011338794650276563,0.0045286167220805265,2.729906371062291E-5,0.0014329159147026343,7.618789720608715E-7,1.907630879962952E-6,0.9999999999999994
96.0,0.7017400577698145,0.28076558875269514,0.011455831906997357,0.004575907940786322,2.7293404955486297E-5,0.0014326227695645069,7.699204909009109E-7,1.927534695409141E-6,0.9999999999999997
97.0,0.7016000051475577,0.2807416357721732,0.011572848455741998,0.004623164050994987,2.7287822342548753E-5,0.0014323333601605676,7.779560881240016E-7,1.947434940562594E-6,0.9999999999999997
98.0,0.7014615463707629,0.28071614119464494,0.011689843275792216,0.004670386091774605,2.728231081659963E-5,0.0014320474388262317,7.859859371287246E-7,1.967331445137401E-6,0.9999999999999997
99.0,0.701324576118693,0.28068921055805574,0.01180681539858086,0.004717575050077376,2.7276865664949995E-5,0.0014317647746775876,7.940102026742565E-7,1.987224047493583E-6,0.9999999999999998
100.0,0.7011889962065601,0.28066094224840693,0.011923763905372649,0.004764731863056059,2.727148249422215E-5,0.0014314851524742807,8.020290412591995E-7,2.007112594257744E-6,0.9999999999999998
101.0,0.701054715101968,0.2806314279843965,0.01204068792501973,0.004811857420305773,2.726615720871201E-5,0.001431208371559451,8.100426014887426E-7,2.0269969399554322E-6,0.9999999999999997
102.0,0.700921647474125,0.28060075326921863,0.012157586631792583,0.004858952566030641,2.7260885990217678E-5,0.0014309342448715053,8.18051024429991E-7,2.0468769466553577E-6,0.9999999999999997
103.0,0.7007897137736008,0.28056899781174766,0.012274459243286356,0.00490601810113517,2.7255665279234967E-5,0.0014306625980228568,8.260544439553844E-7,2.0667524836255596E-6,0.9999999999999997
104.0,0.7006588398405631,0.280536235919181,0.01239130501840237,0.004953054785240613,2.7250491757427146E-5,0.0014303932684410904,8.340529870741844E-7,2.0866234270015272E-6,0.9999999999999998
105.0,0.7005289565395603,0.2805025368630749,0.012508123255404222,0.005000063338626879,2.7245362331282637E-5,0.0014301261045683276,8.420467742520738E-7,2.106489659466238E-6,0.9999999999999996
106.0,0.700399999419053,0.2804679652205768,0.012624913290047644,0.005047044444100827,2.7240274116880087E-5,0.0014298609651148455,8.500359197189543E-7,2.1263510699420204E-6,0.9999999999999998
107.0,0.7002719083940167,0.2804325811925339,0.012741674493783042,0.0050939987487919934,2.7235224425685873E-5,0.0014295977183632728,8.580205317650757E-7,2.1462075532941124E-6,0.9999999999999997
108.0,0.7001446274500531,0.2803964409000457,0.012858406272029464,0.005140926865877017,2.7230210751313958E-5,0.001429336241519935,8.66000713025664E-7,2.166059010045733E-6,0.9999999999999997
109.0,0.7000181043675514,0.2803595966609213,0.012975108062518566,0.005187829376234181,2.722523075718299E-5,0.0014290764201101572,8.739765607542485E-7,2.185905346104487E-6,0.9999999999999996
110.0,0.6998922904645412,0.28032209724740276,0.013091779333707003,0.005234706830029607,2.7220282265009797E-5,0.001428818147414542,8.819481670849109E-7,2.205746472499856E-6,0.9999999999999996
111.0,0.6997671403569712,0.28028398812642413,0.013208419583255599,0.0052815597482368,2.7215363244082585E-5,0.0014285613239434474,8.899156192837029E-7,2.225582305131545E-6,0.9999999999999997
112.0,0.6996426117352322,0.2802453116835898,0.013325028336573516,0.005328388624091251,2.721047180126105E-5,0.0014283058569470757,8.978789999894984E-7,2.245412764528408E-6,0.9999999999999997
113.0,0.6995186651558234,0.28020610743197516,0.013441605145425604,0.005375193924481961,2.7205606171654092E-5,0.0014280516599587613,9.05838387444554E-7,2.265237775617677E-6,0.9999999999999994
114.0,0.699395263847136,0.28016641220677846,0.01355814958660106,0.005421976091281727,2.7200764709929264E-5,0.0014277986523692056,9.137938557150691E-7,2.285057267504214E-6,0.9999999999999997
115.0,0.6992723735283981,0.28012626034678195,0.013674661260641464,0.005468735542618116,2.7195945882211098E-5,0.0014275467590295656,9.21745474902042E-7,2.3048711732594717E-6,0.9999999999999996
116.0,0.6991499622408882,0.28008568386351695,0.01379113979062629,0.005515472674087047,2.719114825852846E-5,0.0014272959098814357,9.296933113427232E-7,2.3246794297198723E-6,0.9999999999999996
117.0,0.6990280001905864,0.2800447125989656,0.013907584821013896,0.005562187859910934,2.7186370505773672E-5,0.0014270460396119057,9.376374278029736E-7,2.3444819772942956E-6,0.9999999999999997
118.0,0.6989064596014877,0.280003374372576,0.01402399601653611,0.005608881454043316,2.7181611381138762E-5,0.0014267970873319915,9.455778836608336E-7,2.364278759780362E-6,0.9999999999999997
119.0,0.6987853145788556,0.2799616951183156,0.014140373061144408,0.005655553791221926,2.7176869725996495E-5,0.0014265489962768576,9.535147350816121E-7,2.3840697241892073E-6,0.9999999999999997
120.0,0.6986645409817427,0.27991969901243674,0.014256715657005826,0.005702205187972094,2.7172144460196037E-5,0.0014263017135263526,9.61448035184801E-7,2.4038548205784443E-6,0.9999999999999996
121.0,0.6985441163041483,0.279877408592585,0.014373023523546658,0.005748835943562398,2.7167434576745174E-5,0.001426055189744483,9.6937783420312E-7,2.4236340018929976E-6,0.9999999999999996
122.0,0.6984240195642304,0.27983484486883586,0.014489296396542102,0.005795446340914423,2.7162739136852884E-5,0.0014258093789365407,9.773041796339901E-7,2.4434072238135207E-6,0.9999999999999996
123.0,0.6983042312010246,0.2797920274272076,0.014605534027250011,0.005842036647468443,2.7158057265307825E-5,0.0014255642382226886,9.852271163837345E-7,2.4631744446120936E-6,0.9999999999999996
124.0,0.6981847329781615,0.2797489745261594,0.01472173618158695,0.0058886071160068505,2.7153388146170027E-5,0.0014253197276268882,9.931466869047934E-7,2.4829356250149115E-6,0.9999999999999996
125.0,0.6980655078941089,0.27970570318655064,0.014837902639344798,0.005935157985437058,2.7148731018754466E-5,0.0014250758098801304,1.0010629313262398E-6,2.5026907280716806E-6,0.9999999999999998
126.0,0.697946540098496,0.27966222927550444,0.0149540331934462,0.005981689481535602,2.714408517388688E-5,0.001424832450237001,1.0089758875778741E-6,2.522439719031439E-6,0.9999999999999998
127.0,0.6978278148141077,0.279618567584588,0.015070127649237182,0.0060282018176550985,2.7139449950413244E-5,0.0014245896163046744,1.0168855915081667E-6,2.5421825652245393E-6,0.9999999999999997
128.0,0.6977093182641652,0.2795747319026953,0.015186185823815321,0.0060746951953956786,2.7134824731945804E-5,0.0014243472778834973,1.0247920769963144E-6,2.5619192359505196E-6,1.0
129.0,0.6975910376045336,0.27953073508399123,0.015302207545391907,0.0061211698052424665,2.7130208943829594E-5,0.001424105406818373,1.0326953760586658E-6,2.581649702371608E-6,0.9999999999999999
130.0,0.6974729608605242,0.27948658911125146,0.015418192652686553,0.0061676258271706206,2.7125602050314535E-5,0.0014238639768602182,1.0405955189497642E-6,2.601373937411621E-6,0.9999999999999998
131.0,0.6973550768679788,0.2794423051549101,0.015534140994352809,0.0062140634312194045,2.7121003551919135E-5,0.001423622963536806,1.048492534258249E-6,2.621091915660003E-6,0.9999999999999998
132.0,0.6972373752183458,0.27939789362810624,0.01565005242843334,0.006260482778036708,2.711641298297284E-5,0.0014233823440323629,1.0563864489978496E-6,2.640803613280776E-6,0.9999999999999997
133.0,0.6971198462074791,0.2793533642380006,0.01576592682184331,0.00630688401939539,2.711182990932494E-5,0.0014231420970753235,1.0642772886936936E-6,2.6605090079261805E-6,0.9999999999999997
134.0,0.6970024807879059,0.2793087260336143,0.015881764049880658,0.006353267298682755,2.7107253926208693E-5,0.0014229022028336917,1.07216507746415E-6,2.680208078654791E-6,0.9999999999999998
135.0,0.6968852705243294,0.27926398745042624,0.015997563995761944,0.006399632751364439,2.710268465625023E-5,0.0014226626428174914,1.0800498380984134E-6,2.6999008058538804E-6,0.9999999999999997
136.0,0.6967682075521457,0.2792191563519486,0.016113326550182636,0.006445980505423927,2.7098121747612328E-5,0.0014224233997878301,1.0879315921300319E-6,2.7195871711658553E-6,0.9999999999999996
137.0,0.6966512845387738,0.2791742400684847,0.016229051610900574,0.0064923106817788645,2.709356487226401E-5,0.001422184457672121,1.0958103599065734E-6,2.7392671574185507E-6,0.9999999999999998
138.0,0.6965344946476035,0.27912924543326056,0.016344739082341537,0.006538623394675301,2.7089013724367377E-5,0.0014219458014850539,1.103686160655612E-6,2.7589407485592077E-6,0.9999999999999996
139.0,0.6964178315043884,0.27908417881610853,0.016460388875225815,0.00658491875206094,2.7084468018773764E-5,0.0014217074172549172,1.1115590125472187E-6,2.7786079295919505E-6,0.9999999999999996
140.0,0.6963012891659147,0.2790390461548678,0.016576000906214746,0.006631196855938429,2.7079927489621797E-5,0.0014214692919549163,1.119428932753122E-6,2.798268686518594E-6,0.9999999999999996
141.0,0.6961848620907941,0.27899385298465745,0.01669157509757624,0.006677457802699686,2.7075391889030454E-5,0.0014212314134391434,1.1272959375027075E-6,2.817923006282616E-6,0.9999999999999996
142.0,0.6960685451122353,0.27894860446516606,0.016807111376868314,0.006723701683442196,2.7070860985880684E-5,0.001420993770382887,1.1351600421360088E-6,2.8375708767161405E-6,0.9999999999999994
143.0,0.6959523334126605,0.27890330540609165,0.01692260967663979,0.006769928584268214,2.7066334564679588E-5,0.0014207563522269876,1.1430212611538437E-6,2.8572122864897738E-6,0.9999999999999996
144.0,0.6958362225000427,0.278857960290858,0.0170380699341472,0.0068161385865677035,2.7061812424501554E-5,0.0014205191491259612,1.150879608265238E-6,2.876847225065161E-6,0.9999999999999997
145.0,0.6957202081858457,0.27881257329872405,0.017153492091087144,0.0068623317672858695,2.705729437800118E-5,0.0014202821518996401,1.1587350964322732E-6,2.896475682650114E-6,0.9999999999999994
146.0,0.6956042865644588,0.2787671483253947,0.01726887609334328,0.006908508199176058,2.705278025049303E-5,0.0014200453519880904,1.1665877379124921E-6,2.916097650156188E-6,0.9999999999999997
147.0,0.6954884539940261,0.2787216890022352,0.017384221890747193,0.006954667951038789,2.7048269879093803E-5,0.001419808741409584,1.1744375442989848E-6,2.9357131191585743E-6,0.9999999999999994
148.0,0.6953727070785739,0.2786761987141838,0.01749952943685243,0.007000811087947623,2.7043763111922586E-5,0.0014195723127214189,1.1822845265582755E-6,2.9553220818581975E-6,0.9999999999999994
149.0,0.6952570426513491,0.2786306806164499,0.017614798688720998,0.007046937671462574,2.7039259807355327E-5,0.0014193360589833943,1.1901286950661247E-6,2.9749245310458976E-6,0.9999999999999994
150.0,0.6951414577592879,0.27858513765008136,0.0177300296067217,0.007093047759831693,2.7034759833329826E-5,0.00141909997372376,1.1979700596413561E-6,2.994520460068587E-6,0.9999999999999993
151.0,0.6950259496485353,0.27853957255647654,0.01784522215433966,0.007139141408181459,2.703026306669781E-5,0.0014188640509074746,1.2058086295778076E-6,3.0141098627972868E-6,0.9999999999999997
152.0,0.6949105157509468,0.2784939878909132,0.01796037629799647,0.007185218668696575,2.7025769392620916E-5,0.0014186282849066132,1.213644413674511E-6,3.0336927335969304E-6,0.9999999999999994
153.0,0.6947951536715047,0.27844838603516037,0.01807549200688037,0.00723127959078971,2.7021278704007604E-5,0.0014183926704727811,1.2214774202641886E-6,3.0532690672978606E-6,0.9999999999999994
154.0,0.694679861176587,0.27840276920923607,0.018190569252785935,0.0072773242212617485,2.7016790900988226E-5,0.001418157202711397,1.2293076572401607E-6,3.0728388591689056E-6,0.9999999999999996
155.0,0.6945646361830309,0.2783571394823677,0.018305608009962785,0.007323352604453033,2.7012305890425682E-5,0.0014179218770577178,1.2371351320817433E-6,3.0924021048919725E-6,0.9999999999999996
156.0,0.6944494767479381,0.2783114987832101,0.01842060825497279,0.007369364782386099,2.70078235854592E-5,0.0014176866892544899,1.2449598518782225E-6,3.1119588005380638E-6,0.9999999999999994
157.0,0.6943343810591703,0.2782658489093714,0.018535569966555344,0.0074153607949003575,2.7003343905079075E-5,0.0014174516353311123,1.2527818233514786E-6,3.1315089425446443E-6,0.9999999999999996
158.0,0.6942193474264888,0.27822019153629274,0.018650493125500253,0.007461340679779151,2.699886677373017E-5,0.001417216711584214,1.2606010528773333E-6,3.151052527694284E-6,0.9999999999999994
159.0,0.6941043742732951,0.2781745282255269,0.018765377714527836,0.007507304472869616,2.6994392120942344E-5,0.0014169819145595465,1.2684175465056898E-6,3.1705895530945122E-6,0.9999999999999996
160.0,0.69398946012893,0.2781288604324557,0.01888022371817584,0.00755325220819573,2.6989919880985883E-5,0.0014167472410351032,1.276231309979531E-6,3.1901200161588097E-6,0.9999999999999996
161.0,0.6938746036214961,0.27808318951348443,0.018995031122692792,0.007599183918064916,2.6985449992550285E-5,0.0014165126880053827,1.2840423487528376E-6,3.2096439145886845E-6,0.9999999999999994
162.0,0.6937598034711653,0.2780375167327487,0.019109799915937444,0.007645099633168574,2.6980982398444832E-5,0.001416278252666719,1.2918506680074868E-6,3.2291612463567696E-6,0.9999999999999996
163.0,0.6936450584839404,0.277991843268367,0.01922453008728396,0.0076909993826768455,2.697651704531943E-5,0.001416043932403605,1.2996562726691853E-6,3.2486720096908802E-6,0.9999999999999996
164.0,0.6935303675458394,0.27794617021826973,0.019339221627532554,0.007736883194327964,2.6972053883404366E-5,0.001415809724775944,1.3074591674224922E-6,3.268176203058986E-6,0.9999999999999994
165.0,0.6934157296174739,0.27790049860563254,0.01945387452882524,0.007782751094512463,2.696759286626772E-5,0.0014155756275071628,1.3152593567249798E-6,3.2876738251550495E-6,0.9999999999999994
166.0,0.6933011437289947,0.27785482938394235,0.019568488784566452,0.00782860310835254,2.6963133950589193E-5,0.0014153416384731332,1.3230568448205814E-6,3.307164874885668E-6,0.9999999999999993
167.0,0.69318660897538,0.2778091634417195,0.019683064389348227,0.00787443925977685,2.6958677095949274E-5,0.0014151077556918412,1.3308516357521719E-6,3.3266493513574916E-6,0.9999999999999993
168.0,0.6930721245120429,0.2777635016069202,0.019797601338879714,0.007920259571590968,2.6954222264632683E-5,0.0014148739773137587,1.3386437333734212E-6,3.3461272538653654E-6,0.9999999999999994
169.0,0.6929576895507369,0.2777178446510405,0.01991209962992076,0.007966064065543786,2.6949769421445155E-5,0.0014146403016128664,1.3464331413599648E-6,3.3655985818811555E-6,0.9999999999999994
170.0,0.6928433033557376,0.27767219329294235,0.020026559260219352,0.008011852762390055,2.6945318533542605E-5,0.0014144067269782857,1.3542198632199273E-6,3.3850633350432225E-6,0.9999999999999994
171.0,0.6927289652402852,0.27762654820242016,0.020140980228452687,0.008057625681949293,2.6940869570271898E-5,0.0014141732519064758,1.3620039023038348E-6,3.404521513146503E-6,0.9999999999999996
172.0,0.6926146745632656,0.27758091000352597,0.020255362534171678,0.008103382843161266,2.693642250302239E-5,0.0014139398749939628,1.3697852618139533E-6,3.4239731161331706E-6,0.9999999999999994
173.0,0.692500430726119,0.277535279277669,0.020369706177748685,0.008149124264138245,2.6931977305087555E-5,0.001413706594930558,1.377563944813083E-6,3.4434181440838407E-6,0.9999999999999994
174.0,0.6923862331699555,0.2774896565665055,0.0204840111603283,0.0081948499622142,2.6927533951535952E-5,0.0014134734104930386,1.38533995423284E-6,3.4628565972092827E-6,0.9999999999999994
175.0,0.6922720813728681,0.2774440423746322,0.020598277483781017,0.008240559953991125,2.692309241909096E-5,0.0014132403205392545,1.3931132928814549E-6,3.4822884758426202E-6,0.9999999999999994
176.0,0.6921579748474266,0.2773984371720982,0.020712505150659605,0.008286254255382652,2.691865268601867E-5,0.0014130073240026361,1.4008839634511153E-6,3.501713780431988E-6,0.9999999999999996
177.0,0.6920439131383417,0.2773528413967456,0.02082669416415804,0.008331932881655102,2.691421473202333E-5,0.0014127744198870725,1.4086519685248784E-6,3.521132511533615E-6,0.9999999999999996
178.0,0.6919298958202876,0.2773072554563923,0.020940844528072863,0.008377595847466127,2.690977853814994E-5,0.0014125416072621384,1.4164173105831784E-6,3.5405446698053174E-6,0.9999999999999996
179.0,0.691815922495872,0.2772616797308664,0.021054956246766784,0.008423243166901084,2.690534408669338E-5,0.0014123088852586439,1.4241799920099521E-6,3.5599502560003703E-6,0.9999999999999998
180.0,0.691701992793743,0.27721611457390316,0.021169029325134467,0.00846887485350726,2.6900911361113756E-5,0.0014120762530644851,1.4319400150984028E-6,3.5793492709617415E-6,0.9999999999999996
181.0,0.6915881063668257,0.27717056031491305,0.0212830637685703,0.008514490920326079,2.6896480345957442E-5,0.0014118437099207772,1.4396973820564257E-6,3.5987417156166656E-6,0.9999999999999994
182.0,0.6914742628906768,0.2771250172606302,0.021397059582938083,0.008560091379923411,2.6892051026783486E-5,0.0014116112551182485,1.4474520950117146E-6,3.6181275909715375E-6,0.9999999999999994
183.0,0.6913604620619517,0.27707948569664914,0.021511016774542514,0.008605676244418084,2.688762339009499E-5,0.001411378887993879,1.4552041560165628E-6,3.637506898107107E-6,0.9999999999999996
184.0,0.6912467035969749,0.27703396588885726,0.02162493535010236,0.008651245525508708,2.688319742327517E-5,0.0014111466079277672,1.4629535670523856E-6,3.6568796381739574E-6,0.9999999999999994
185.0,0.6911329872304078,0.2769884580847704,0.02173881531672521,0.00869679923449891,2.6878773114527725E-5,0.0014109144143402094,1.4707003300339701E-6,3.6762458123882547E-6,0.9999999999999997
186.0,0.6910193127140063,0.27694296251477785,0.021852656681883735,0.008742337382321068,2.6874350452821243E-5,0.0014106823066889751,1.4784444468134762E-6,3.6956054220277456E-6,0.9999999999999997
187.0,0.6909056798154625,0.2768974793933029,0.021966459453393372,0.008787859979558638,2.68699294278374E-5,0.0014104502844667704,1.4861859191841978E-6,3.7149584684279953E-6,0.9999999999999996
188.0,0.6907920883173256,0.2768520089198849,0.02208022363939131,0.008833367036467145,2.686551002992262E-5,0.001410218347198869,1.4939247488841019E-6,3.7343049529788467E-6,0.9999999999999997
189.0,0.6906785380159953,0.27680655128018794,0.022193949248316754,0.008878858562993933,2.6861092250043087E-5,0.001409986494440908,1.5016609375991562E-6,3.753644877121094E-6,0.9999999999999997
190.0,0.6905650287207834,0.2767611066469412,0.022307636288892346,0.008924334568796724,2.685667607974272E-5,0.0014097547257768295,1.5093944869664593E-6,3.7729782423433513E-6,0.9999999999999996
191.0,0.6904515602530394,0.27671567518081547,0.022421284770106718,0.00896979506326108,2.685226151110406E-5,0.0014095230408169646,1.517125398577183E-6,3.7923050501791093E-6,0.9999999999999997
192.0,0.690338132445335,0.27667025703124043,0.022534894701198065,0.00901524005551681,2.6847848536711784E-5,0.0014092914391962447,1.5248536739793386E-6,3.8116253022039682E-6,0.9999999999999994
193.0,0.6902247451407041,0.2766248523371664,0.022648466091638716,0.00906066955445341,2.6843437149618676E-5,0.0014090599205725356,1.5325793146803795E-6,3.830939000033036E-6,0.9999999999999994
194.0,0.6901113981919338,0.2765794612277746,0.02276199895112064,0.009106083568734557,2.6839027343313935E-5,0.0014088284846250848,1.5403023221496466E-6,3.850246145318481E-6,0.9999999999999994
195.0,0.6899980914609043,0.2765340838231393,0.022875493289541787,0.009151482106811746,2.683461911169361E-5,0.001408597131053072,1.5480226978206677E-6,3.869546739747237E-6,0.9999999999999994
196.0,0.6898848248179728,0.27648872023484494,0.022988949116993288,0.009196865176937113,2.6830212449033035E-5,0.0014083658595742596,1.5557404430933172E-6,3.888840785038832E-6,0.9999999999999996
197.0,0.6897715981413992,0.2764433705665615,0.023102366443747413,0.00924223278717547,2.6825807349961158E-5,0.0014081346699237347,1.56345555933585E-6,3.908128282943369E-6,0.9999999999999996
198.0,0.6896584113168114,0.27639803491458104,0.02321574528024623,0.009287584945415631,2.6821403809436565E-5,0.0014079035618527348,1.5711680478868083E-6,3.927409235239608E-6,0.9999999999999996
199.0,0.6895452642367058,0.2763527133683177,0.023329085637090984,0.009332921659381047,2.6817001822725182E-5,0.001407672535127555,1.578877910056817E-6,3.946683643733176E-6,0.9999999999999997
200.0,0.6894321567999827,0.27630740601077375,0.0234423875250321,0.009378242936639804,2.681260138537945E-5,0.001407441589528527,1.5865851471302698E-6,3.965951510254877E-6,0.9999999999999998
201.0,0.6893190889115122,0.2762621129189744,0.02355565095495978,0.009423548784614015,2.6808202493218914E-5,0.0014072107248490704,1.5942897603669135E-6,3.9852128366591085E-6,0.9999999999999997
202.0,0.6892060604817302,0.27621683416437276,0.02366887593789518,0.009468839210588643,2.6803805142312143E-5,0.0014069799408948048,1.6019917510033368E-6,4.004467624822378E-6,0.9999999999999997
203.0,0.6890930714262615,0.2761715698132276,0.02378206248498213,0.0095141142217198,2.6799409328959873E-5,0.0014067492374827248,1.609691120254369E-6,4.0237158766418965E-6,0.9999999999999997
204.0,0.6889801216655689,0.27612631992695547,0.023895210607479334,0.00955937382504252,2.679501504967928E-5,0.0014065186144404291,1.617387869314395E-6,4.042957594034267E-6,0.9999999999999997
205.0,0.6888672111246248,0.2760810845624589,0.024008320316753057,0.009604618027478093,2.6790622301189328E-5,0.001406288071605403,1.6250819993585886E-6,4.062192778934253E-6,0.9999999999999997
206.0,0.6887543397326067,0.2760358637724323,0.02412139162427025,0.009649846835840933,2.6786231080397104E-5,0.0014060576088243486,1.6327735115440732E-6,4.081421433293616E-6,0.9999999999999998
207.0,0.6886415074226122,0.27599065760564734,0.02423442454159209,0.009695060256845028,2.6781841384385077E-5,0.0014058272259525623,1.6404624070110113E-6,4.100643559080024E-6,0.9999999999999998
208.0,0.6885287141313939,0.2759454661072189,0.02434741908036794,0.00974025829711001,2.6777453210399244E-5,0.0014055969228533513,1.6481486868836273E-6,4.1198591582760315E-6,0.9999999999999997
209.0,0.6884159597991119,0.27590028931885285,0.024460375252329622,0.00978544096316685,2.677306655583805E-5,0.0014053666993974917,1.655832352271169E-6,4.13906823287812E-6,0.9999999999999996
210.0,0.688303244369103,0.2758551272790773,0.02457329306928609,0.009830608261463203,2.6768681418242062E-5,0.0014051365554627242,1.6635134042688107E-6,4.1582707848957886E-6,0.9999999999999998
211.0,0.688190567787666,0.27580998002345797,0.024686172543118404,0.009875760198368435,2.6764297795284366E-5,0.0014049064909332817,1.6711918439585E-6,4.177466816350716E-6,0.9999999999999997
212.0,0.6880779300038613,0.2757648475847991,0.024799013685775015,0.009920896780178337,2.6759915684761583E-5,0.0014046765056994503,1.6788676724097551E-6,4.196656329275954E-6,0.9999999999999997
