timestamp,SY,AY,SO,AO,RA,RS,ARe,SRe,sum
0,1,0,0,0,0,0,0,0,1
1,0.55898402,0.434265568,0.001745585,0.001536213,0.001697748,0.001767781,4.70E-07,2.61E-06,1
2,0.393962243,0.595931546,0.002530491,0.004010503,0.001615181,0.001940691,5.27E-06,4.07E-06,1
3,0.331830503,0.655234786,0.003252203,0.006530248,0.001309883,0.001825611,1.10E-05,5.75E-06,1
4,0.308061242,0.676102409,0.004058844,0.008947653,0.001090303,0.00171495,1.69E-05,7.74E-06,1
5,0.298598627,0.682542166,0.00493568,0.011277064,9.67E-04,0.0016468,2.26E-05,9.93E-06,1
6,0.294473954,0.683570751,0.005850977,0.013549914,9.04E-04,0.001609476,2.83E-05,1.22E-05,1
7,0.292343187,0.682574783,0.006783075,0.015787741,8.74E-04,0.001589152,3.39E-05,1.46E-05,1
8,0.290959391,0.680826297,0.007720218,0.018002287,8.58E-04,0.001577203,3.95E-05,1.69E-05,1
9,0.289857569,0.678803068,0.008656659,0.020199353,8.50E-04,0.001569139,4.50E-05,1.93E-05,1
10,0.288864294,0.676684529,0.009589752,0.022381664,8.45E-04,0.001562816,5.05E-05,2.16E-05,1
11,0.28791487,0.674538039,0.010518336,0.024550475,8.41E-04,0.001557261,5.59E-05,2.40E-05,1
12,0.28698515,0.67238886,0.011441924,0.026706371,8.38E-04,0.001552048,6.14E-05,2.63E-05,1
13,0.286066107,0.670246436,0.012360326,0.028849645,8.35E-04,0.001546996,6.67E-05,2.86E-05,1
14,0.285154357,0.668114271,0.013273482,0.03098046,8.32E-04,0.001542025,7.21E-05,3.09E-05,1
15,0.284248617,0.665993635,0.014181382,0.033098926,8.30E-04,0.001537106,7.74E-05,3.32E-05,1
16,0.283348391,0.663884963,0.015084043,0.03520513,8.27E-04,0.001532223,8.27E-05,3.55E-05,1
17,0.282453473,0.661788372,0.015981488,0.037299148,8.24E-04,0.001527372,8.80E-05,3.77E-05,1
18,0.281563769,0.659703865,0.016873744,0.039381055,8.22E-04,0.001522551,9.32E-05,4.00E-05,1
19,0.280679225,0.657631396,0.017760841,0.041450921,8.19E-04,0.001517758,9.84E-05,4.22E-05,1
20,0.279799802,0.655570908,0.018642808,0.043508816,8.17E-04,0.001512994,1.04E-04,4.44E-05,1
21,0.278925466,0.653522333,0.019519674,0.045554809,8.14E-04,0.001508256,1.09E-04,4.66E-05,1
22,0.278056188,0.651485605,0.020391469,0.04758897,8.12E-04,0.001503547,1.14E-04,4.88E-05,1
23,0.277191938,0.649460655,0.021258223,0.049611367,8.09E-04,0.001498864,1.19E-04,5.10E-05,1
24,0.276332686,0.647447417,0.022119963,0.051622068,8.07E-04,0.001494209,1.24E-04,5.31E-05,1
25,0.275478403,0.645445821,0.02297672,0.05362114,8.04E-04,0.00148958,1.29E-04,5.53E-05,1
26,0.27462906,0.643455801,0.023828522,0.055608651,8.02E-04,0.001484978,1.34E-04,5.74E-05,1
27,0.27378463,0.64147729,0.024675398,0.057584668,7.99E-04,0.001480403,1.39E-04,5.96E-05,1
28,0.272945083,0.639510221,0.025517377,0.059549257,7.97E-04,0.001475855,1.44E-04,6.17E-05,1
29,0.272110392,0.637554528,0.026354485,0.061502484,7.94E-04,0.001471332,1.49E-04,6.38E-05,1
30,0.271280527,0.635610146,0.027186753,0.063444415,7.92E-04,0.001466836,1.54E-04,6.59E-05,1
31,0.270455463,0.633677008,0.028014207,0.065375116,7.89E-04,0.001462366,1.59E-04,6.80E-05,1
32,0.269635169,0.631755051,0.028836876,0.06729465,7.87E-04,0.001457922,1.63E-04,7.00E-05,1
33,0.26881962,0.629844208,0.029654788,0.069203084,7.84E-04,0.001453503,1.68E-04,7.21E-05,1
34,0.268008787,0.627944417,0.030467969,0.07110048,7.82E-04,0.00144911,1.73E-04,7.41E-05,1
35,0.267202644,0.626055612,0.031276447,0.072986904,7.80E-04,0.001444742,1.78E-04,7.62E-05,1
36,0.266401162,0.624177731,0.03208025,0.074862417,7.77E-04,0.0014404,1.82E-04,7.82E-05,1
37,0.265604316,0.62231071,0.032879403,0.076727084,7.75E-04,0.001436083,1.87E-04,8.02E-05,1
38,0.264812078,0.620454487,0.033673936,0.078580968,7.73E-04,0.00143179,1.92E-04,8.22E-05,1
39,0.264024422,0.618608998,0.034463873,0.080424129,7.70E-04,0.001427523,1.96E-04,8.42E-05,1
40,0.263241321,0.616774183,0.035249242,0.082256632,7.68E-04,0.00142328,2.01E-04,8.62E-05,1
41,0.262462749,0.614949979,0.036030069,0.084078536,7.66E-04,0.001419062,2.06E-04,8.81E-05,1
42,0.26168868,0.613136325,0.03680638,0.085889904,7.64E-04,0.001414868,2.10E-04,9.01E-05,1
43,0.260919087,0.611333159,0.037578201,0.087690796,7.61E-04,0.001410698,2.15E-04,9.20E-05,1
44,0.260153945,0.609540422,0.038345559,0.089481273,7.59E-04,0.001406553,2.19E-04,9.39E-05,1
45,0.259393228,0.607758053,0.039108479,0.091261395,7.57E-04,0.001402431,2.24E-04,9.59E-05,1
46,0.258636911,0.605985991,0.039866987,0.093031223,7.55E-04,0.001398333,2.28E-04,9.78E-05,1
47,0.257884967,0.604224178,0.040621108,0.094790815,7.52E-04,0.001394259,2.33E-04,9.97E-05,1
48,0.257137373,0.602472554,0.041370868,0.09654023,7.50E-04,0.001390209,2.37E-04,1.02E-04,1
49,0.256394101,0.60073106,0.042116292,0.098279529,7.48E-04,0.001386182,2.41E-04,1.03E-04,1
50,0.255655129,0.598999638,0.042857405,0.100008769,7.46E-04,0.001382178,2.46E-04,1.05E-04,1
51,0.25492043,0.597278228,0.043594231,0.101728007,7.44E-04,0.001378198,2.50E-04,1.07E-04,1
52,0.25418998,0.595566775,0.044326797,0.103437304,7.42E-04,0.00137424,2.54E-04,1.09E-04,1
53,0.253463754,0.593865219,0.045055126,0.105136714,7.39E-04,0.001370305,2.59E-04,1.11E-04,1
54,0.252741728,0.592173503,0.045779243,0.106826297,7.37E-04,0.001366393,2.63E-04,1.13E-04,1
55,0.252023878,0.590491571,0.046499172,0.108506108,7.35E-04,0.001362504,2.67E-04,1.14E-04,1
56,0.25131018,0.588819367,0.047214937,0.110176205,7.33E-04,0.001358637,2.71E-04,1.16E-04,1
57,0.250600609,0.587156833,0.047926563,0.111836643,7.31E-04,0.001354793,2.75E-04,1.18E-04,1
58,0.249895141,0.585503914,0.048634074,0.113487478,7.29E-04,0.001350971,2.80E-04,1.20E-04,1
59,0.249193754,0.583860554,0.049337492,0.115128766,7.27E-04,0.001347171,2.84E-04,1.22E-04,1
60,0.248496423,0.582226698,0.050036843,0.116760562,7.25E-04,0.001343393,2.88E-04,1.23E-04,1
61,0.247803124,0.580602292,0.050732149,0.118382921,7.23E-04,0.001339636,2.92E-04,1.25E-04,1
62,0.247113836,0.578987279,0.051423434,0.119995897,7.21E-04,0.001335902,2.96E-04,1.27E-04,1
63,0.246428533,0.577381607,0.052110721,0.121599545,7.19E-04,0.001332189,3.00E-04,1.29E-04,1
64,0.245747194,0.575785221,0.052794034,0.123193919,7.17E-04,0.001328497,3.04E-04,1.30E-04,1
65,0.245069795,0.574198067,0.053473394,0.124779072,7.15E-04,0.001324827,3.08E-04,1.32E-04,1
66,0.244396314,0.572620092,0.054148826,0.126355058,7.13E-04,0.001321178,3.12E-04,1.34E-04,1
67,0.243726728,0.571051243,0.054820352,0.127921929,7.11E-04,0.00131755,3.16E-04,1.35E-04,1
68,0.243061014,0.569491467,0.055487993,0.129479738,7.09E-04,0.001313944,3.20E-04,1.37E-04,1
69,0.24239915,0.567940711,0.056151774,0.131028539,7.07E-04,0.001310358,3.24E-04,1.39E-04,1
70,0.241741114,0.566398924,0.056811716,0.132568382,7.05E-04,0.001306792,3.28E-04,1.40E-04,1
71,0.241086884,0.564866054,0.057467841,0.13409932,7.03E-04,0.001303248,3.31E-04,1.42E-04,1
72,0.240436437,0.563342048,0.058120172,0.135621404,7.01E-04,0.001299724,3.35E-04,1.44E-04,1
73,0.239789751,0.561826857,0.05876873,0.137134686,6.99E-04,0.00129622,3.39E-04,1.45E-04,1
74,0.239146806,0.560320428,0.059413537,0.138639216,6.98E-04,0.001292737,3.43E-04,1.47E-04,1
75,0.238507579,0.558822711,0.060054616,0.140135044,6.96E-04,0.001289273,3.47E-04,1.49E-04,1
76,0.237872049,0.557333656,0.060691986,0.141622222,6.94E-04,0.00128583,3.50E-04,1.50E-04,1
77,0.237240194,0.555853212,0.061325671,0.143100799,6.92E-04,0.001282407,3.54E-04,1.52E-04,1
78,0.236611994,0.55438133,0.061955691,0.144570825,6.90E-04,0.001279003,3.58E-04,1.53E-04,1
79,0.235987427,0.552917961,0.062582067,0.14603235,6.88E-04,0.001275619,3.61E-04,1.55E-04,1
80,0.235366471,0.551463054,0.063204821,0.147485422,6.86E-04,0.001272255,3.65E-04,1.56E-04,1
81,0.234749107,0.550016562,0.063823973,0.148930091,6.85E-04,0.00126891,3.69E-04,1.58E-04,1
82,0.234135313,0.548578435,0.064439544,0.150366405,6.83E-04,0.001265584,3.72E-04,1.60E-04,1
83,0.233525069,0.547148626,0.065051556,0.151794412,6.81E-04,0.001262278,3.76E-04,1.61E-04,1
84,0.232918354,0.545727085,0.065660028,0.153214161,6.79E-04,0.001258991,3.79E-04,1.63E-04,1
85,0.232315148,0.544313765,0.066264981,0.154625698,6.78E-04,0.001255723,3.83E-04,1.64E-04,1
86,0.23171543,0.542908619,0.066866435,0.156029073,6.76E-04,0.001252473,3.87E-04,1.66E-04,1
87,0.231119181,0.541511599,0.067464412,0.157424331,6.74E-04,0.001249243,3.90E-04,1.67E-04,1
88,0.23052638,0.540122659,0.068058929,0.158811521,6.72E-04,0.001246031,3.94E-04,1.69E-04,1
89,0.229937007,0.538741751,0.068650009,0.160190688,6.71E-04,0.001242838,3.97E-04,1.70E-04,1
90,0.229351043,0.53736883,0.06923767,0.161561878,6.69E-04,0.001239663,4.00E-04,1.72E-04,1
91,0.228768468,0.536003848,0.069821933,0.162925139,6.67E-04,0.001236507,4.04E-04,1.73E-04,1
92,0.228189261,0.534646761,0.070402816,0.164280516,6.65E-04,0.001233369,4.07E-04,1.75E-04,1
93,0.227613405,0.533297521,0.070980341,0.165628054,6.64E-04,0.001230249,4.11E-04,1.76E-04,1
94,0.227040879,0.531956085,0.071554525,0.166967799,6.62E-04,0.001227147,4.14E-04,1.77E-04,1
95,0.226471664,0.530622407,0.072125389,0.168299796,6.60E-04,0.001224063,4.17E-04,1.79E-04,1
96,0.22590574,0.529296442,0.072692951,0.169624089,6.59E-04,0.001220997,4.21E-04,1.80E-04,1
97,0.22534309,0.527978145,0.073257231,0.170940724,6.57E-04,0.001217948,4.24E-04,1.82E-04,1
98,0.224783694,0.526667472,0.073818247,0.172249744,6.55E-04,0.001214918,4.27E-04,1.83E-04,1
99,0.224227533,0.52536438,0.074376019,0.173551194,6.54E-04,0.001211904,4.31E-04,1.85E-04,1
100,0.223674588,0.524068823,0.074930565,0.174845118,6.52E-04,0.001208908,4.34E-04,1.86E-04,1
101,0.223124841,0.522780759,0.075481904,0.176131558,6.51E-04,0.00120593,4.37E-04,1.87E-04,1
102,0.222578273,0.521500144,0.076030055,0.177410558,6.49E-04,0.001202969,4.40E-04,1.89E-04,1
103,0.222034867,0.520226935,0.076575035,0.178682162,6.47E-04,0.001200024,4.44E-04,1.90E-04,1
104,0.221494603,0.51896109,0.077116864,0.179946411,6.46E-04,0.001197097,4.47E-04,1.91E-04,1
105,0.220957463,0.517702565,0.077655559,0.18120335,6.44E-04,0.001194187,4.50E-04,1.93E-04,1
106,0.22042343,0.516451319,0.078191139,0.182453018,6.43E-04,0.001191294,4.53E-04,1.94E-04,1
107,0.219892485,0.515207309,0.078723621,0.18369546,6.41E-04,0.001188417,4.56E-04,1.95E-04,1
108,0.219364611,0.513970493,0.079253024,0.184930716,6.40E-04,0.001185557,4.59E-04,1.97E-04,1
109,0.21883979,0.512740831,0.079779365,0.186158829,6.38E-04,0.001182714,4.62E-04,1.98E-04,1
110,0.218318004,0.511518279,0.080302662,0.187379839,6.36E-04,0.001179887,4.65E-04,1.99E-04,1
111,0.217799236,0.510302798,0.080822933,0.188593787,6.35E-04,0.001177076,4.68E-04,2.01E-04,1
112,0.217283468,0.509094347,0.081340195,0.189800715,6.33E-04,0.001174281,4.71E-04,2.02E-04,1
113,0.216770682,0.507892884,0.081854465,0.191000663,6.32E-04,0.001171503,4.74E-04,2.03E-04,1
114,0.216260863,0.50669837,0.082365761,0.192193672,6.30E-04,0.001168741,4.77E-04,2.05E-04,1
115,0.215753991,0.505510764,0.082874101,0.19337978,6.29E-04,0.001165995,4.80E-04,2.06E-04,1
116,0.215250051,0.504330026,0.0833795,0.19455903,6.28E-04,0.001163264,4.83E-04,2.07E-04,1
117,0.214749026,0.503156117,0.083881977,0.195731459,6.26E-04,0.00116055,4.86E-04,2.08E-04,1
118,0.214250898,0.501988997,0.084381547,0.196897108,6.25E-04,0.001157851,4.89E-04,2.10E-04,1
119,0.21375565,0.500828626,0.084878229,0.198056016,6.23E-04,0.001155168,4.92E-04,2.11E-04,1
120,0.213263267,0.499674966,0.085372038,0.199208221,6.22E-04,0.0011525,4.95E-04,2.12E-04,1
121,0.212773732,0.498527978,0.085862991,0.200353763,6.20E-04,0.001149848,4.98E-04,2.13E-04,1
122,0.212287028,0.497387624,0.086351105,0.20149268,6.19E-04,0.001147211,5.01E-04,2.15E-04,1
123,0.211803138,0.496253864,0.086836396,0.20262501,6.17E-04,0.001144589,5.04E-04,2.16E-04,1
124,0.211322047,0.495126662,0.087318881,0.203750791,6.16E-04,0.001141983,5.07E-04,2.17E-04,1
125,0.210843738,0.494005978,0.087798575,0.204870062,6.15E-04,0.001139391,5.09E-04,2.18E-04,1
126,0.210368195,0.492891775,0.088275495,0.20598286,6.13E-04,0.001136815,5.12E-04,2.19E-04,1
127,0.209895403,0.491784017,0.088749656,0.207089223,6.12E-04,0.001134253,5.15E-04,2.21E-04,1
128,0.209425345,0.490682664,0.089221076,0.208189186,6.10E-04,0.001131706,5.18E-04,2.22E-04,1
129,0.208958005,0.489587681,0.089689769,0.209282789,6.09E-04,0.001129174,5.20E-04,2.23E-04,1
130,0.208493368,0.488499031,0.090155752,0.210370067,6.08E-04,0.001126657,5.23E-04,2.24E-04,1
131,0.208031418,0.487416677,0.090619039,0.211451057,6.06E-04,0.001124154,5.26E-04,2.25E-04,1
132,0.20757214,0.486340582,0.091079648,0.212525795,6.05E-04,0.001121666,5.29E-04,2.27E-04,1
133,0.207115518,0.48527071,0.091537592,0.213594318,6.04E-04,0.001119192,5.31E-04,2.28E-04,1
134,0.206661536,0.484207026,0.091992889,0.214656661,6.02E-04,0.001116732,5.34E-04,2.29E-04,1
135,0.20621018,0.483149493,0.092445552,0.21571286,6.01E-04,0.001114287,5.37E-04,2.30E-04,1
136,0.205761435,0.482098077,0.092895597,0.216762951,6.00E-04,0.001111855,5.39E-04,2.31E-04,1
137,0.205315284,0.481052741,0.093343039,0.217806969,5.98E-04,0.001109438,5.42E-04,2.32E-04,1
138,0.204871714,0.48001345,0.093787894,0.21884495,5.97E-04,0.001107035,5.45E-04,2.33E-04,1
139,0.204430709,0.47898017,0.094230176,0.219876927,5.96E-04,0.001104646,5.47E-04,2.34E-04,1
140,0.203992255,0.477952866,0.0946699,0.220902936,5.95E-04,0.00110227,5.50E-04,2.36E-04,1
141,0.203556336,0.476931503,0.095107082,0.221923011,5.93E-04,0.001099908,5.52E-04,2.37E-04,1
142,0.203122939,0.475916047,0.095541734,0.222937188,5.92E-04,0.00109756,5.55E-04,2.38E-04,1
143,0.202692047,0.474906463,0.095973874,0.223945498,5.91E-04,0.001095226,5.57E-04,2.39E-04,1
144,0.202263648,0.473902718,0.096403513,0.224947978,5.89E-04,0.001092904,5.60E-04,2.40E-04,1
145,0.201837726,0.472904778,0.096830669,0.22594466,5.88E-04,0.001090597,5.62E-04,2.41E-04,1
146,0.201414268,0.47191261,0.097255354,0.226935578,5.87E-04,0.001088303,5.65E-04,2.42E-04,1
147,0.200993258,0.470926179,0.097677582,0.227920765,5.86E-04,0.001086022,5.67E-04,2.43E-04,1
148,0.200574684,0.469945453,0.098097369,0.228900254,5.85E-04,0.001083754,5.70E-04,2.44E-04,1
149,0.20015853,0.468970399,0.098514729,0.229874079,5.83E-04,0.001081499,5.72E-04,2.45E-04,1
150,0.199744782,0.468000984,0.098929674,0.230842272,5.82E-04,0.001079257,5.75E-04,2.46E-04,1
151,0.199333428,0.467037175,0.09934222,0.231804865,5.81E-04,0.001077029,5.77E-04,2.47E-04,1
152,0.198924453,0.466078941,0.09975238,0.232761892,5.80E-04,0.001074813,5.80E-04,2.48E-04,1
153,0.198517842,0.465126248,0.100160168,0.233713384,5.78E-04,0.00107261,5.82E-04,2.49E-04,1
154,0.198113584,0.464179064,0.100565597,0.234659373,5.77E-04,0.00107042,5.84E-04,2.50E-04,1
155,0.197711663,0.463237359,0.100968682,0.235599892,5.76E-04,0.001068242,5.87E-04,2.51E-04,1
156,0.197312066,0.462301099,0.101369435,0.236534971,5.75E-04,0.001066077,5.89E-04,2.52E-04,1
157,0.196914781,0.461370255,0.101767871,0.237464642,5.74E-04,0.001063924,5.91E-04,2.53E-04,1
158,0.196519793,0.460444793,0.102164003,0.238388936,5.73E-04,0.001061784,5.94E-04,2.54E-04,1
159,0.19612709,0.459524684,0.102557844,0.239307886,5.71E-04,0.001059657,5.96E-04,2.55E-04,1
160,0.195736658,0.458609896,0.102949407,0.24022152,5.70E-04,0.001057541,5.98E-04,2.56E-04,1
161,0.195348483,0.457700399,0.103338706,0.241129871,5.69E-04,0.001055438,6.01E-04,2.57E-04,1
162,0.194962554,0.456796161,0.103725753,0.242032969,5.68E-04,0.001053347,6.03E-04,2.58E-04,1
163,0.194578856,0.455897153,0.104110561,0.242930844,5.67E-04,0.001051268,6.05E-04,2.59E-04,1
164,0.194197378,0.455003344,0.104493145,0.243823526,5.66E-04,0.001049202,6.07E-04,2.60E-04,1
165,0.193818105,0.454114704,0.104873515,0.244711045,5.65E-04,0.001047147,6.10E-04,2.61E-04,1
166,0.193441027,0.453231203,0.105251686,0.245593432,5.64E-04,0.001045104,6.12E-04,2.62E-04,1
167,0.193066128,0.452352812,0.10562767,0.246470716,5.62E-04,0.001043073,6.14E-04,2.63E-04,1
168,0.192693398,0.451479501,0.10600148,0.247342926,5.61E-04,0.001041053,6.16E-04,2.64E-04,1
169,0.192322824,0.450611241,0.106373127,0.248210092,5.60E-04,0.001039045,6.18E-04,2.65E-04,1
170,0.191954393,0.449748002,0.106742626,0.249072242,5.59E-04,0.001037049,6.21E-04,2.66E-04,1
171,0.191588092,0.448889755,0.107109987,0.249929407,5.58E-04,0.001035065,6.23E-04,2.67E-04,1
172,0.19122391,0.448036472,0.107475224,0.250781615,5.57E-04,0.001033091,6.25E-04,2.68E-04,1
173,0.190861834,0.447188123,0.107838348,0.251628894,5.56E-04,0.00103113,6.27E-04,2.69E-04,1
174,0.190501852,0.446344681,0.108199373,0.252471273,5.55E-04,0.001029179,6.29E-04,2.70E-04,1
175,0.190143952,0.445506116,0.108558309,0.25330878,5.54E-04,0.00102724,6.31E-04,2.70E-04,1
176,0.189788122,0.444672402,0.10891517,0.254141444,5.53E-04,0.001025312,6.33E-04,2.71E-04,1
177,0.18943435,0.443843508,0.109269967,0.254969292,5.52E-04,0.001023396,6.35E-04,2.72E-04,1
178,0.189082623,0.443019409,0.109622712,0.255792353,5.51E-04,0.00102149,6.37E-04,2.73E-04,1
179,0.188732931,0.442200075,0.109973417,0.256610653,5.50E-04,0.001019595,6.39E-04,2.74E-04,1
180,0.188385261,0.44138548,0.110322094,0.257424221,5.49E-04,0.001017712,6.42E-04,2.75E-04,1
181,0.188039602,0.440575596,0.110668754,0.258233084,5.48E-04,0.001015839,6.44E-04,2.76E-04,1
182,0.187695941,0.439770396,0.11101341,0.259037269,5.47E-04,0.001013977,6.46E-04,2.77E-04,1
183,0.187354269,0.438969852,0.111356072,0.259836804,5.46E-04,0.001012126,6.48E-04,2.78E-04,1
184,0.187014572,0.438173939,0.111696753,0.260631714,5.45E-04,0.001010285,6.50E-04,2.78E-04,1
185,0.18667684,0.437382628,0.112035463,0.261422027,5.44E-04,0.001008456,6.52E-04,2.79E-04,1
186,0.186341061,0.436595893,0.112372215,0.26220777,5.43E-04,0.001006636,6.54E-04,2.80E-04,1
187,0.186007224,0.435813709,0.112707018,0.262988969,5.42E-04,0.001004828,6.56E-04,2.81E-04,1
188,0.185675317,0.435036048,0.113039886,0.263765649,5.41E-04,0.001003029,6.57E-04,2.82E-04,1
189,0.18534533,0.434262884,0.113370829,0.264537838,5.40E-04,0.001001241,6.59E-04,2.83E-04,1
190,0.185017252,0.433494192,0.113699857,0.265305561,5.39E-04,9.99E-04,6.61E-04,2.83E-04,1
191,0.184691071,0.432729945,0.114026983,0.266068844,5.38E-04,9.98E-04,6.63E-04,2.84E-04,1
192,0.184366776,0.431970118,0.114352217,0.266827713,5.37E-04,9.96E-04,6.65E-04,2.85E-04,1
193,0.184044357,0.431214686,0.11467557,0.267582193,5.36E-04,9.94E-04,6.67E-04,2.86E-04,1
194,0.183723802,0.430463622,0.114997053,0.26833231,5.35E-04,9.92E-04,6.69E-04,2.87E-04,1
195,0.183405101,0.429716902,0.115316677,0.269078089,5.34E-04,9.91E-04,6.71E-04,2.87E-04,1
196,0.183088243,0.428974501,0.115634452,0.269819554,5.33E-04,9.89E-04,6.73E-04,2.88E-04,1
197,0.182773218,0.428236393,0.11595039,0.270556732,5.32E-04,9.87E-04,6.75E-04,2.89E-04,1
198,0.182460015,0.427502553,0.1162645,0.271289646,5.31E-04,9.86E-04,6.76E-04,2.90E-04,1
199,0.182148623,0.426772958,0.116576794,0.272018321,5.31E-04,9.84E-04,6.78E-04,2.91E-04,1
200,0.181839032,0.426047582,0.116887282,0.272742783,5.30E-04,9.82E-04,6.80E-04,2.91E-04,1
201,0.181531231,0.425326401,0.117195974,0.273463054,5.29E-04,9.81E-04,6.82E-04,2.92E-04,1
202,0.181225211,0.424609391,0.117502881,0.274179161,5.28E-04,9.79E-04,6.84E-04,2.93E-04,1
203,0.18092096,0.423896528,0.117808013,0.274891125,5.27E-04,9.77E-04,6.85E-04,2.94E-04,1
204,0.180618469,0.423187787,0.11811138,0.275598973,5.26E-04,9.76E-04,6.87E-04,2.95E-04,1
205,0.180317727,0.422483145,0.118412993,0.276302726,5.25E-04,9.74E-04,6.89E-04,2.95E-04,1
206,0.180018724,0.421782578,0.118712861,0.27700241,5.24E-04,9.72E-04,6.91E-04,2.96E-04,1
207,0.179721451,0.421086063,0.119010995,0.277698047,5.23E-04,9.71E-04,6.92E-04,2.97E-04,1
208,0.179425897,0.420393576,0.119307406,0.278389661,5.23E-04,9.69E-04,6.94E-04,2.98E-04,1
209,0.179132052,0.419705094,0.119602101,0.279077275,5.22E-04,9.68E-04,6.96E-04,2.98E-04,1
210,0.178839907,0.419020593,0.119895093,0.279760913,5.21E-04,9.66E-04,6.98E-04,2.99E-04,1
211,0.178549451,0.418340051,0.12018639,0.280440597,5.20E-04,9.64E-04,6.99E-04,3.00E-04,1
212,0.178260675,0.417663445,0.120476003,0.28111635,5.19E-04,9.63E-04,7.01E-04,3.00E-04,1
213,0.177973569,0.416990752,0.12076394,0.281788195,5.18E-04,9.61E-04,7.03E-04,3.01E-04,1
214,0.177688123,0.416321949,0.121050212,0.282456154,5.17E-04,9.60E-04,7.04E-04,3.02E-04,1
215,0.177404328,0.415657015,0.121334829,0.283120251,5.17E-04,9.58E-04,7.06E-04,3.03E-04,1
216,0.177122174,0.414995925,0.1216178,0.283780507,5.16E-04,9.57E-04,7.08E-04,3.03E-04,1
217,0.176841653,0.414338659,0.121899134,0.284436945,5.15E-04,9.55E-04,7.09E-04,3.04E-04,1
218,0.176562753,0.413685194,0.122178841,0.285089586,5.14E-04,9.54E-04,7.11E-04,3.05E-04,1
219,0.176285467,0.413035508,0.122456931,0.285738453,5.13E-04,9.52E-04,7.13E-04,3.05E-04,1
220,0.176009784,0.41238958,0.122733412,0.286383567,5.13E-04,9.51E-04,7.14E-04,3.06E-04,1
221,0.175735695,0.411747387,0.123008294,0.28702495,5.12E-04,9.49E-04,7.16E-04,3.07E-04,1
222,0.175463192,0.411108908,0.123281587,0.287662624,5.11E-04,9.48E-04,7.18E-04,3.08E-04,1
223,0.175192264,0.410474121,0.123553299,0.28829661,5.10E-04,9.46E-04,7.19E-04,3.08E-04,1
224,0.174922904,0.409843006,0.12382344,0.28892693,5.09E-04,9.45E-04,7.21E-04,3.09E-04,1
225,0.174655101,0.40921554,0.124092018,0.289553604,5.09E-04,9.43E-04,7.22E-04,3.10E-04,1
226,0.174388847,0.408591704,0.124359043,0.290176655,5.08E-04,9.42E-04,7.24E-04,3.10E-04,1
227,0.174124133,0.407971475,0.124624524,0.290796102,5.07E-04,9.40E-04,7.25E-04,3.11E-04,1
228,0.173860949,0.407354833,0.12488847,0.291411966,5.06E-04,9.39E-04,7.27E-04,3.12E-04,1
229,0.173599288,0.406741757,0.125150889,0.292024269,5.05E-04,9.38E-04,7.29E-04,3.12E-04,1
230,0.17333914,0.406132227,0.12541179,0.29263303,5.05E-04,9.36E-04,7.30E-04,3.13E-04,1
231,0.173080497,0.405526222,0.125671183,0.293238271,5.04E-04,9.35E-04,7.32E-04,3.14E-04,1
232,0.172823349,0.404923722,0.125929075,0.293840012,5.03E-04,9.33E-04,7.33E-04,3.14E-04,1
233,0.172567688,0.404324706,0.126185476,0.294438273,5.02E-04,9.32E-04,7.35E-04,3.15E-04,1
234,0.172313506,0.403729154,0.126440394,0.295033074,5.02E-04,9.31E-04,7.36E-04,3.15E-04,1
235,0.172060794,0.403137047,0.126693838,0.295624435,5.01E-04,9.29E-04,7.38E-04,3.16E-04,1
236,0.171809544,0.402548364,0.126945816,0.296212376,5.00E-04,9.28E-04,7.39E-04,3.17E-04,1
237,0.171559746,0.401963085,0.127196337,0.296796916,4.99E-04,9.27E-04,7.41E-04,3.17E-04,1
238,0.171311394,0.401381192,0.127445409,0.297378076,4.99E-04,9.25E-04,7.42E-04,3.18E-04,1
239,0.171064477,0.400802663,0.127693041,0.297955875,4.98E-04,9.24E-04,7.43E-04,3.19E-04,1
240,0.170818989,0.40022748,0.12793924,0.298530333,4.97E-04,9.23E-04,7.45E-04,3.19E-04,1
241,0.17057492,0.399655624,0.128184016,0.299101468,4.97E-04,9.21E-04,7.46E-04,3.20E-04,1
242,0.170332263,0.399087075,0.128427376,0.299669301,4.96E-04,9.20E-04,7.48E-04,3.20E-04,1
243,0.170091009,0.398521814,0.128669329,0.300233849,4.95E-04,9.19E-04,7.49E-04,3.21E-04,1
244,0.16985115,0.397959822,0.128909882,0.300795132,4.94E-04,9.17E-04,7.51E-04,3.22E-04,1
245,0.169612678,0.39740108,0.129149044,0.30135317,4.94E-04,9.16E-04,7.52E-04,3.22E-04,1
246,0.169375586,0.39684557,0.129386823,0.30190798,4.93E-04,9.15E-04,7.53E-04,3.23E-04,1
247,0.169139865,0.396293272,0.129623227,0.302459581,4.92E-04,9.13E-04,7.55E-04,3.23E-04,1
248,0.168905507,0.395744168,0.129858264,0.303007993,4.92E-04,9.12E-04,7.56E-04,3.24E-04,1
249,0.168672504,0.39519824,0.130091941,0.303553233,4.91E-04,9.11E-04,7.58E-04,3.25E-04,1
250,0.168440849,0.39465547,0.130324267,0.304095319,4.90E-04,9.10E-04,7.59E-04,3.25E-04,1
251,0.168210534,0.394115838,0.13055525,0.304634271,4.90E-04,9.08E-04,7.60E-04,3.26E-04,1
252,0.167981551,0.393579327,0.130784896,0.305170105,4.89E-04,9.07E-04,7.62E-04,3.26E-04,1
253,0.167753891,0.393045919,0.131013215,0.305702841,4.88E-04,9.06E-04,7.63E-04,3.27E-04,1
254,0.167527549,0.392515595,0.131240213,0.306232496,4.88E-04,9.05E-04,7.64E-04,3.28E-04,1
255,0.167302515,0.391988339,0.131465898,0.306759088,4.87E-04,9.03E-04,7.66E-04,3.28E-04,1
256,0.167078783,0.391464132,0.131690278,0.307282634,4.86E-04,9.02E-04,7.67E-04,3.29E-04,1
257,0.166856345,0.390942956,0.13191336,0.307803152,4.86E-04,9.01E-04,7.68E-04,3.29E-04,1
258,0.166635193,0.390424795,0.132135152,0.30832066,4.85E-04,9.00E-04,7.70E-04,3.30E-04,1
259,0.166415321,0.38990963,0.132355662,0.308835176,4.84E-04,8.99E-04,7.71E-04,3.30E-04,1
260,0.166196719,0.389397445,0.132574896,0.309346715,4.84E-04,8.97E-04,7.72E-04,3.31E-04,1
261,0.165979383,0.388888222,0.132792863,0.309855296,4.83E-04,8.96E-04,7.73E-04,3.31E-04,1
262,0.165763302,0.388381943,0.133009568,0.310360936,4.82E-04,8.95E-04,7.75E-04,3.32E-04,1
263,0.165548472,0.387878593,0.133225021,0.310863652,4.82E-04,8.94E-04,7.76E-04,3.33E-04,1
264,0.165334884,0.387378154,0.133439228,0.311363461,4.81E-04,8.93E-04,7.77E-04,3.33E-04,1
265,0.165122531,0.386880609,0.133652195,0.311860379,4.81E-04,8.92E-04,7.78E-04,3.34E-04,1
266,0.164911407,0.386385941,0.133863931,0.312354423,4.80E-04,8.91E-04,7.80E-04,3.34E-04,1
267,0.164701503,0.385894134,0.134074443,0.31284561,4.79E-04,8.89E-04,7.81E-04,3.35E-04,1
268,0.164492813,0.385405171,0.134283737,0.313333956,4.79E-04,8.88E-04,7.82E-04,3.35E-04,1
269,0.164285331,0.384919036,0.134491821,0.313819478,4.78E-04,8.87E-04,7.83E-04,3.36E-04,1
270,0.164079048,0.384435713,0.134698701,0.314302192,4.78E-04,8.86E-04,7.85E-04,3.36E-04,1
271,0.163873958,0.383955185,0.134904385,0.314782114,4.77E-04,8.85E-04,7.86E-04,3.37E-04,1
272,0.163670054,0.383477435,0.135108879,0.315259261,4.76E-04,8.84E-04,7.87E-04,3.37E-04,1
273,0.163467329,0.383002449,0.135312191,0.315733649,4.76E-04,8.83E-04,7.88E-04,3.38E-04,1
274,0.163265777,0.38253021,0.135514327,0.316205293,4.75E-04,8.82E-04,7.89E-04,3.38E-04,1
275,0.163065391,0.382060702,0.135715294,0.316674209,4.75E-04,8.81E-04,7.91E-04,3.39E-04,1
276,0.162866163,0.381593909,0.135915098,0.317140413,4.74E-04,8.79E-04,7.92E-04,3.39E-04,1
277,0.162668088,0.381129816,0.136113747,0.317603921,4.73E-04,8.78E-04,7.93E-04,3.40E-04,1
278,0.162471158,0.380668406,0.136311248,0.318064749,4.73E-04,8.77E-04,7.94E-04,3.40E-04,1
279,0.162275367,0.380209665,0.136507606,0.318522912,4.72E-04,8.76E-04,7.95E-04,3.41E-04,1
280,0.162080708,0.379753578,0.136702828,0.318978424,4.72E-04,8.75E-04,7.96E-04,3.41E-04,1
281,0.161887175,0.379300127,0.136896922,0.319431303,4.71E-04,8.74E-04,7.97E-04,3.42E-04,1
282,0.161694761,0.3788493,0.137089893,0.319881562,4.71E-04,8.73E-04,7.99E-04,3.42E-04,1
283,0.16150346,0.378401079,0.137281748,0.320329218,4.70E-04,8.72E-04,8.00E-04,3.43E-04,1
284,0.161313266,0.377955451,0.137472493,0.320774284,4.69E-04,8.71E-04,8.01E-04,3.43E-04,1
285,0.161124171,0.3775124,0.137662135,0.321216777,4.69E-04,8.70E-04,8.02E-04,3.44E-04,1
286,0.16093617,0.377071911,0.137850681,0.32165671,4.68E-04,8.69E-04,8.03E-04,3.44E-04,1
287,0.160749256,0.376633969,0.138038136,0.3220941,4.68E-04,8.68E-04,8.04E-04,3.45E-04,1
288,0.160563424,0.376198561,0.138224507,0.322528959,4.67E-04,8.67E-04,8.05E-04,3.45E-04,1
289,0.160378665,0.37576567,0.1384098,0.322961304,4.67E-04,8.66E-04,8.06E-04,3.46E-04,1
290,0.160194976,0.375335283,0.138594022,0.323391149,4.66E-04,8.65E-04,8.07E-04,3.46E-04,1
291,0.160012349,0.374907385,0.138777178,0.323818507,4.66E-04,8.64E-04,8.08E-04,3.46E-04,1
292,0.159830778,0.374481962,0.138959275,0.324243394,4.65E-04,8.63E-04,8.10E-04,3.47E-04,1
293,0.159650257,0.374058999,0.139140319,0.324665824,4.65E-04,8.62E-04,8.11E-04,3.47E-04,1
294,0.15947078,0.373638482,0.139320315,0.325085811,4.64E-04,8.61E-04,8.12E-04,3.48E-04,1
295,0.159292341,0.373220397,0.139499271,0.325503369,4.64E-04,8.60E-04,8.13E-04,3.48E-04,1
296,0.159114933,0.37280473,0.139677192,0.325918512,4.63E-04,8.59E-04,8.14E-04,3.49E-04,1
297,0.158938552,0.372391467,0.139854084,0.326331254,4.62E-04,8.58E-04,8.15E-04,3.49E-04,1
298,0.158763191,0.371980594,0.140029953,0.326741609,4.62E-04,8.57E-04,8.16E-04,3.50E-04,1
299,0.158588844,0.371572097,0.140204805,0.327149591,4.61E-04,8.56E-04,8.17E-04,3.50E-04,1
300,0.158415506,0.371165962,0.140378645,0.327555213,4.61E-04,8.55E-04,8.18E-04,3.51E-04,1
301,0.15824317,0.370762177,0.14055148,0.32795849,4.60E-04,8.54E-04,8.19E-04,3.51E-04,1
302,0.15807183,0.370360726,0.140723316,0.328359434,4.60E-04,8.53E-04,8.20E-04,3.51E-04,1
303,0.157901482,0.369961597,0.140894158,0.32875806,4.59E-04,8.53E-04,8.21E-04,3.52E-04,1
304,0.157732118,0.369564777,0.141064012,0.32915438,4.59E-04,8.52E-04,8.22E-04,3.52E-04,1
305,0.157563735,0.369170251,0.141232883,0.329548408,4.58E-04,8.51E-04,8.23E-04,3.53E-04,1
306,0.157396325,0.368778007,0.141400778,0.329940158,4.58E-04,8.50E-04,8.24E-04,3.53E-04,1
307,0.157229883,0.368388032,0.141567702,0.330329642,4.57E-04,8.49E-04,8.25E-04,3.54E-04,1
308,0.157064403,0.368000312,0.141733661,0.330716873,4.57E-04,8.48E-04,8.26E-04,3.54E-04,1
309,0.156899881,0.367614834,0.14189866,0.331101865,4.57E-04,8.47E-04,8.27E-04,3.54E-04,1
310,0.15673631,0.367231585,0.142062704,0.33148463,4.56E-04,8.46E-04,8.28E-04,3.55E-04,1
311,0.156573685,0.366850553,0.1422258,0.331865182,4.56E-04,8.45E-04,8.29E-04,3.55E-04,1
312,0.156412001,0.366471725,0.142387953,0.332243533,4.55E-04,8.44E-04,8.30E-04,3.56E-04,1
313,0.156251252,0.366095087,0.142549167,0.332619696,4.55E-04,8.44E-04,8.31E-04,3.56E-04,1
314,0.156091432,0.365720627,0.14270945,0.332993683,4.54E-04,8.43E-04,8.32E-04,3.56E-04,1
315,0.155932537,0.365348334,0.142868805,0.333365508,4.54E-04,8.42E-04,8.32E-04,3.57E-04,1
316,0.15577456,0.364978193,0.143027239,0.333735182,4.53E-04,8.41E-04,8.33E-04,3.57E-04,1
317,0.155617497,0.364610193,0.143184757,0.334102718,4.53E-04,8.40E-04,8.34E-04,3.58E-04,1
318,0.155461343,0.364244321,0.143341364,0.334468129,4.52E-04,8.39E-04,8.35E-04,3.58E-04,1
319,0.155306092,0.363880565,0.143497065,0.334831426,4.52E-04,8.38E-04,8.36E-04,3.58E-04,1
320,0.155151738,0.363518913,0.143651865,0.335192622,4.51E-04,8.38E-04,8.37E-04,3.59E-04,1
321,0.154998277,0.363159352,0.143805771,0.33555173,4.51E-04,8.37E-04,8.38E-04,3.59E-04,1
322,0.154845704,0.362801871,0.143958786,0.33590876,4.50E-04,8.36E-04,8.39E-04,3.60E-04,1
323,0.154694013,0.362446457,0.144110916,0.336263726,4.50E-04,8.35E-04,8.40E-04,3.60E-04,1
324,0.154543199,0.362093098,0.144262167,0.336616639,4.50E-04,8.34E-04,8.41E-04,3.60E-04,1
325,0.154393258,0.361741783,0.144412542,0.336967511,4.49E-04,8.34E-04,8.42E-04,3.61E-04,1
326,0.154244183,0.3613925,0.144562048,0.337316354,4.49E-04,8.33E-04,8.42E-04,3.61E-04,1
327,0.154095971,0.361045237,0.14471069,0.337663179,4.48E-04,8.32E-04,8.43E-04,3.61E-04,1
328,0.153948616,0.360699982,0.144858472,0.338007999,4.48E-04,8.31E-04,8.44E-04,3.62E-04,1
329,0.153802113,0.360356724,0.145005399,0.338350824,4.47E-04,8.30E-04,8.45E-04,3.62E-04,1
330,0.153656457,0.360015451,0.145151476,0.338691667,4.47E-04,8.30E-04,8.46E-04,3.63E-04,1
331,0.153511644,0.359676152,0.145296709,0.339030538,4.47E-04,8.29E-04,8.47E-04,3.63E-04,1
332,0.153367668,0.359338815,0.145441102,0.33936745,4.46E-04,8.28E-04,8.48E-04,3.63E-04,1
333,0.153224525,0.359003429,0.145584659,0.339702413,4.46E-04,8.27E-04,8.48E-04,3.64E-04,1
334,0.15308221,0.358669982,0.145727387,0.34003544,4.45E-04,8.26E-04,8.49E-04,3.64E-04,1
335,0.152940718,0.358338464,0.145869289,0.34036654,4.45E-04,8.26E-04,8.50E-04,3.64E-04,1
336,0.152800044,0.358008863,0.14601037,0.340695725,4.44E-04,8.25E-04,8.51E-04,3.65E-04,1
337,0.152660184,0.357681169,0.146150636,0.341023006,4.44E-04,8.24E-04,8.52E-04,3.65E-04,1
338,0.152521132,0.357355369,0.14629009,0.341348395,4.44E-04,8.23E-04,8.53E-04,3.65E-04,1
339,0.152382885,0.357031454,0.146428738,0.341671902,4.43E-04,8.23E-04,8.53E-04,3.66E-04,1
340,0.152245437,0.356709412,0.146566583,0.341993538,4.43E-04,8.22E-04,8.54E-04,3.66E-04,1
341,0.152108784,0.356389232,0.146703632,0.342313314,4.42E-04,8.21E-04,8.55E-04,3.66E-04,1
342,0.151972921,0.356070904,0.146839888,0.342631241,4.42E-04,8.20E-04,8.56E-04,3.67E-04,1
343,0.151837844,0.355754418,0.146975356,0.342947329,4.42E-04,8.20E-04,8.57E-04,3.67E-04,1
344,0.151703549,0.355439761,0.147110041,0.343261588,4.41E-04,8.19E-04,8.57E-04,3.67E-04,1
345,0.15157003,0.355126924,0.147243947,0.343574031,4.41E-04,8.18E-04,8.58E-04,3.68E-04,1
346,0.151437283,0.354815897,0.147377078,0.343884666,4.41E-04,8.18E-04,8.59E-04,3.68E-04,1
347,0.151305304,0.354506668,0.147509439,0.344193505,4.40E-04,8.17E-04,8.60E-04,3.68E-04,1
348,0.151174088,0.354199227,0.147641035,0.344500558,4.40E-04,8.16E-04,8.60E-04,3.69E-04,1
349,0.151043631,0.353893565,0.14777187,0.344805835,4.39E-04,8.15E-04,8.61E-04,3.69E-04,1
350,0.150913928,0.35358967,0.147901948,0.345109347,4.39E-04,8.15E-04,8.62E-04,3.69E-04,1
351,0.150784976,0.353287533,0.148031274,0.345411103,4.39E-04,8.14E-04,8.63E-04,3.70E-04,1
352,0.150656769,0.352987143,0.148159852,0.345711115,4.38E-04,8.13E-04,8.64E-04,3.70E-04,1
353,0.150529304,0.35268849,0.148287687,0.346009391,4.38E-04,8.13E-04,8.64E-04,3.70E-04,1
354,0.150402576,0.352391565,0.148414782,0.346305942,4.37E-04,8.12E-04,8.65E-04,3.71E-04,1
355,0.15027658,0.352096356,0.148541142,0.346600778,4.37E-04,8.11E-04,8.66E-04,3.71E-04,1
356,0.150151314,0.351802855,0.148666771,0.346893909,4.37E-04,8.11E-04,8.66E-04,3.71E-04,1
357,0.150026772,0.351511052,0.148791674,0.347185345,4.36E-04,8.10E-04,8.67E-04,3.72E-04,1
358,0.14990295,0.351220936,0.148915854,0.347475095,4.36E-04,8.09E-04,8.68E-04,3.72E-04,1
359,0.149779844,0.350932497,0.149039317,0.34776317,4.36E-04,8.09E-04,8.69E-04,3.72E-04,1
360,0.149657451,0.350645727,0.149162065,0.348049578,4.35E-04,8.08E-04,8.69E-04,3.73E-04,1
361,0.149535765,0.350360616,0.149284103,0.348334331,4.35E-04,8.07E-04,8.70E-04,3.73E-04,1
362,0.149414783,0.350077153,0.149405436,0.348617436,4.35E-04,8.07E-04,8.71E-04,3.73E-04,1
363,0.1492945,0.349795329,0.149526067,0.348898904,4.34E-04,8.06E-04,8.72E-04,3.74E-04,1
364,0.149174913,0.349515136,0.149646,0.349178744,4.34E-04,8.05E-04,8.72E-04,3.74E-04,1
365,0.149056018,0.349236563,0.149765239,0.349456966,4.34E-04,8.05E-04,8.73E-04,3.74E-04,1
366,0.14893781,0.348959601,0.149883789,0.349733579,4.33E-04,8.04E-04,8.74E-04,3.74E-04,1
367,0.148820286,0.34868424,0.150001654,0.350008592,4.33E-04,8.03E-04,8.74E-04,3.75E-04,1
368,0.148703442,0.348410472,0.150118837,0.350282015,4.32E-04,8.03E-04,8.75E-04,3.75E-04,1
369,0.148587273,0.348138288,0.150235342,0.350553857,4.32E-04,8.02E-04,8.76E-04,3.75E-04,1
370,0.148471776,0.347867677,0.150351173,0.350824126,4.32E-04,8.01E-04,8.76E-04,3.76E-04,1
371,0.148356948,0.347598632,0.150466334,0.351092832,4.31E-04,8.01E-04,8.77E-04,3.76E-04,1
372,0.148242783,0.347331143,0.15058083,0.351359984,4.31E-04,8.00E-04,8.78E-04,3.76E-04,1
373,0.148129278,0.3470652,0.150694663,0.351625592,4.31E-04,8.00E-04,8.78E-04,3.76E-04,1
374,0.14801643,0.346800796,0.150807838,0.351889663,4.30E-04,7.99E-04,8.79E-04,3.77E-04,1
375,0.147904235,0.34653792,0.150920358,0.352152207,4.30E-04,7.98E-04,8.80E-04,3.77E-04,1
376,0.147792688,0.346276565,0.151032228,0.352413232,4.30E-04,7.98E-04,8.80E-04,3.77E-04,1
377,0.147681787,0.346016722,0.15114345,0.352672748,4.30E-04,7.97E-04,8.81E-04,3.78E-04,1
378,0.147571527,0.345758381,0.15125403,0.352930764,4.29E-04,7.97E-04,8.82E-04,3.78E-04,1
379,0.147461904,0.345501534,0.15136397,0.353187287,4.29E-04,7.96E-04,8.82E-04,3.78E-04,1
380,0.147352916,0.345246172,0.151473274,0.353442326,4.29E-04,7.95E-04,8.83E-04,3.78E-04,1
381,0.147244558,0.344992288,0.151581946,0.35369589,4.28E-04,7.95E-04,8.84E-04,3.79E-04,1
382,0.147136826,0.344739872,0.151689989,0.353947989,4.28E-04,7.94E-04,8.84E-04,3.79E-04,1
383,0.147029718,0.344488915,0.151797408,0.354198629,4.28E-04,7.94E-04,8.85E-04,3.79E-04,1
384,0.146923229,0.34423941,0.151904206,0.354447819,4.27E-04,7.93E-04,8.85E-04,3.79E-04,1
385,0.146817355,0.343991348,0.152010385,0.354695569,4.27E-04,7.92E-04,8.86E-04,3.80E-04,1
386,0.146712094,0.34374472,0.152115951,0.354941885,4.27E-04,7.92E-04,8.87E-04,3.80E-04,1
387,0.146607442,0.343499519,0.152220906,0.355186777,4.26E-04,7.91E-04,8.87E-04,3.80E-04,1
388,0.146503395,0.343255736,0.152325255,0.355430253,4.26E-04,7.91E-04,8.88E-04,3.81E-04,1
389,0.14639995,0.343013362,0.152428999,0.355672321,4.26E-04,7.90E-04,8.89E-04,3.81E-04,1
390,0.146297103,0.342772391,0.152532144,0.355912989,4.25E-04,7.90E-04,8.89E-04,3.81E-04,1
391,0.146194851,0.342532813,0.152634692,0.356152265,4.25E-04,7.89E-04,8.90E-04,3.81E-04,1
392,0.14609319,0.34229462,0.152736647,0.356390157,4.25E-04,7.89E-04,8.90E-04,3.82E-04,1
393,0.145992118,0.342057805,0.152838013,0.356626674,4.25E-04,7.88E-04,8.91E-04,3.82E-04,1
394,0.145891629,0.34182236,0.152938792,0.356861822,4.24E-04,7.87E-04,8.92E-04,3.82E-04,1
395,0.145791722,0.341588276,0.153038989,0.357095611,4.24E-04,7.87E-04,8.92E-04,3.82E-04,1
396,0.145692393,0.341355546,0.153138606,0.357328047,4.24E-04,7.86E-04,8.93E-04,3.83E-04,1
397,0.145593638,0.341124162,0.153237647,0.35755914,4.23E-04,7.86E-04,8.93E-04,3.83E-04,1
398,0.145495454,0.340894116,0.153336115,0.357788895,4.23E-04,7.85E-04,8.94E-04,3.83E-04,1
399,0.145397838,0.340665401,0.153434014,0.358017323,4.23E-04,7.85E-04,8.94E-04,3.83E-04,1
400,0.145300787,0.340438008,0.153531346,0.358244429,4.23E-04,7.84E-04,8.95E-04,3.84E-04,1
401,0.145204297,0.34021193,0.153628116,0.358470221,4.22E-04,7.84E-04,8.96E-04,3.84E-04,1
402,0.145108364,0.33998716,0.153724326,0.358694708,4.22E-04,7.83E-04,8.96E-04,3.84E-04,1
403,0.145012987,0.33976369,0.153819979,0.358917897,4.22E-04,7.83E-04,8.97E-04,3.84E-04,1
404,0.144918161,0.339541512,0.15391508,0.359139794,4.21E-04,7.82E-04,8.97E-04,3.85E-04,1
405,0.144823884,0.339320619,0.15400963,0.359360409,4.21E-04,7.82E-04,8.98E-04,3.85E-04,1
406,0.144730152,0.339101004,0.154103634,0.359579748,4.21E-04,7.81E-04,8.98E-04,3.85E-04,1
407,0.144636962,0.338882658,0.154197093,0.359797818,4.21E-04,7.81E-04,8.99E-04,3.85E-04,1
408,0.144544311,0.338665576,0.154290013,0.360014627,4.20E-04,7.80E-04,8.99E-04,3.85E-04,1
409,0.144452196,0.338449748,0.154382395,0.360230182,4.20E-04,7.80E-04,9.00E-04,3.86E-04,1
410,0.144360613,0.338235169,0.154474243,0.36044449,4.20E-04,7.79E-04,9.01E-04,3.86E-04,1
411,0.14426956,0.338021831,0.154565559,0.360657559,4.20E-04,7.79E-04,9.01E-04,3.86E-04,1
412,0.144179034,0.337809727,0.154656348,0.360869396,4.19E-04,7.78E-04,9.02E-04,3.86E-04,1
413,0.144089031,0.337598849,0.154746611,0.361080008,4.19E-04,7.78E-04,9.02E-04,3.87E-04,1
414,0.143999549,0.337389191,0.154836352,0.361289402,4.19E-04,7.77E-04,9.03E-04,3.87E-04,1
415,0.143910584,0.337180746,0.154925575,0.361497584,4.18E-04,7.77E-04,9.03E-04,3.87E-04,1
416,0.143822134,0.336973506,0.155014281,0.361704563,4.18E-04,7.76E-04,9.04E-04,3.87E-04,1
417,0.143734195,0.336767464,0.155102475,0.361910345,4.18E-04,7.76E-04,9.04E-04,3.88E-04,1
418,0.143646765,0.336562614,0.155190158,0.362114937,4.18E-04,7.75E-04,9.05E-04,3.88E-04,1
419,0.143559841,0.336358949,0.155277334,0.362318345,4.17E-04,7.75E-04,9.05E-04,3.88E-04,1
420,0.143473419,0.336156462,0.155364006,0.362520577,4.17E-04,7.74E-04,9.06E-04,3.88E-04,1
421,0.143387497,0.335955146,0.155450177,0.36272164,4.17E-04,7.74E-04,9.06E-04,3.88E-04,1
422,0.143302072,0.335754993,0.15553585,0.362921539,4.17E-04,7.73E-04,9.07E-04,3.89E-04,1
423,0.143217141,0.335555999,0.155621027,0.363120283,4.16E-04,7.73E-04,9.07E-04,3.89E-04,1
424,0.143132701,0.335358155,0.155705711,0.363317877,4.16E-04,7.73E-04,9.08E-04,3.89E-04,1
425,0.143048749,0.335161456,0.155789906,0.363514329,4.16E-04,7.72E-04,9.08E-04,3.89E-04,1
426,0.142965283,0.334965894,0.155873613,0.363709644,4.16E-04,7.72E-04,9.09E-04,3.89E-04,1
427,0.1428823,0.334771463,0.155956837,0.36390383,4.15E-04,7.71E-04,9.09E-04,3.90E-04,1
428,0.142799797,0.334578156,0.156039579,0.364096893,4.15E-04,7.71E-04,9.10E-04,3.90E-04,1
429,0.14271777,0.334385968,0.156121843,0.364288839,4.15E-04,7.70E-04,9.10E-04,3.90E-04,1
430,0.142636218,0.334194891,0.156203631,0.364479675,4.15E-04,7.70E-04,9.11E-04,3.90E-04,1
431,0.142555138,0.334004919,0.156284946,0.364669408,4.14E-04,7.69E-04,9.11E-04,3.91E-04,1
432,0.142474527,0.333816045,0.156365791,0.364858043,4.14E-04,7.69E-04,9.12E-04,3.91E-04,1
433,0.142394382,0.333628264,0.156446168,0.365045587,4.14E-04,7.69E-04,9.12E-04,3.91E-04,1
434,0.1423147,0.333441569,0.156526081,0.365232047,4.14E-04,7.68E-04,9.13E-04,3.91E-04,1
435,0.142235479,0.333255954,0.156605531,0.365417428,4.14E-04,7.68E-04,9.13E-04,3.91E-04,1
436,0.142156717,0.333071412,0.156684522,0.365601738,4.13E-04,7.67E-04,9.14E-04,3.92E-04,1
437,0.142078409,0.332887937,0.156763056,0.365784981,4.13E-04,7.67E-04,9.14E-04,3.92E-04,1
438,0.142000555,0.332705524,0.156841136,0.365967165,4.13E-04,7.66E-04,9.14E-04,3.92E-04,1
439,0.141923151,0.332524165,0.156918764,0.366148295,4.13E-04,7.66E-04,9.15E-04,3.92E-04,1
440,0.141846195,0.332343855,0.156995943,0.366328377,4.12E-04,7.66E-04,9.15E-04,3.92E-04,1
441,0.141769683,0.332164588,0.157072676,0.366507418,4.12E-04,7.65E-04,9.16E-04,3.92E-04,1
